1000,0.058655925
2000,0.0734065205
3000,0.063089999
4000,0.059203601
5000,0.0554824998
6000,0.0565479005
7000,0.0571436404286
8000,0.058098585375
9000,0.0642170863333
10000,0.0731960994
11000,0.0768630598
12000,0.0852178558
13000,0.0942748332
14000,0.0949908796
15000,0.1025444935
16000,0.104718953
17000,0.1022140812
18000,0.1042022658
19000,0.1048543044
20000,0.1037533147
21000,0.1204652485
22000,0.1556447362
23000,0.280357394
24000,0.4754344592
25000,0.6815883467
26000,0.7181396009
27000,0.8226604298
28000,0.9856979918
29000,1.208490652
30000,1.4920006095
31000,1.8273351734
32000,2.2186231844
33000,2.5675264457
34000,2.9175208732
35000,3.3131194508
36000,3.9440565433
37000,4.5754541683
38000,5.2199743126
39000,5.8489600936
40000,6.4787945793
41000,7.1080340595
42000,7.7226845128
43000,8.3526990111
44000,8.9812990666
45000,9.6153435865
46000,9.7485897768
47000,9.0121980445
48000,8.1995640589
49000,7.3419308441
50000,6.4232273442
51000,5.4363989262
52000,4.3898545822
53000,3.2999788406
54000,2.1606358053
55000,0.9639252516
56000,0.1966942026
57000,0.1985879052
58000,0.1997609655
59000,0.2003659546
60000,0.1999825201
61000,0.2058663487
62000,0.1978800398
63000,0.1743765761
64000,0.1465424259
65000,0.1114437762
66000,0.0736723425
67000,0.0723658477
68000,0.0718925483
69000,0.069041271
70000,0.0632188827
71000,0.0575005434
72000,0.0634040147
73000,0.0726227048
74000,0.066292951
75000,0.0557057656
76000,0.0548669558
77000,0.0544822826
78000,0.0549141216
79000,0.0541079052
80000,0.0548373512
81000,0.0544456448
82000,0.0494135236
83000,0.0441026835
84000,0.0693509332
85000,0.1208876759
86000,0.2063654537
87000,0.2506121068
88000,0.2511243992
89000,0.2542305094
90000,0.2542671499
91000,0.2617750875
92000,0.2605382346
93000,0.2561876984
94000,0.230907278
95000,0.1789317476
96000,0.0971201731
97000,0.0544834722
98000,0.0566629182
99000,0.0616374446
100000,0.0717980834
101000,0.0637488729
102000,0.0715366337
103000,0.0743263776
104000,0.0719969053
105000,0.0705309571
106000,0.0709310576
107000,0.0703168335
108000,0.067907748
109000,0.0638239048
110000,0.0559703302
111000,0.0600767248
112000,0.0599187819
113000,0.0624615594
114000,0.0642221513
115000,0.070648968
116000,0.0679112189
117000,0.0691380789
118000,0.070971712
119000,0.0667516872
120000,0.0644057202
121000,0.060374132
122000,0.0537386672
123000,0.0515410231
124000,0.0521170764
125000,0.0476410363
126000,0.0483902962
127000,0.0649932405
128000,0.1295961962
129000,0.2409625958
130000,0.2446772247
131000,0.2450415102
132000,0.2462440998
133000,0.2451194721
134000,0.2425252746
135000,0.2406586044
136000,0.2403734384
137000,0.2252020605
138000,0.1571272136
139000,0.0465948269
140000,0.0443725907
141000,0.0475387906
142000,0.0496565078
143000,0.0486532851
144000,0.0489980316
145000,0.0495933661
146000,0.0499918237
147000,0.0476800986
148000,0.0476579277
149000,0.0472242758
150000,0.0455569297
151000,0.0430139003
152000,0.0409168507
153000,0.0407642579
154000,0.0430520612
155000,0.0461460695
156000,0.0448336718
157000,0.0443460369
158000,0.04545065
159000,0.0461834503
160000,0.0478067119
161000,0.0525160145
162000,0.051513054
163000,0.0559557838
164000,0.0616380081
165000,0.0739323869
166000,0.0737335205
167000,0.0734044583
168000,0.0734434746
169000,0.0751821011
170000,0.0739661015
171000,0.0703918909
172000,0.0780055324
173000,0.0875111534
174000,0.082616187
175000,0.0665157714
176000,0.0660520942
177000,0.0672433627
178000,0.0664020437
179000,0.0641930558
180000,0.0643536915
181000,0.0657206349
182000,0.0582392562
183000,0.0440961516
184000,0.0409025546
185000,0.0421571289
186000,0.0432038428
187000,0.0496595381
188000,0.079042507
189000,0.0862151889
190000,0.0855539927
191000,0.0822924207
192000,0.0816745064
193000,0.0812744306
194000,0.0915597686
195000,0.09129327
196000,0.0904033075
197000,0.0826799398
198000,0.0685011521
199000,0.1019331413
200000,0.1136184425
201000,0.1136481143
202000,0.1130261539
203000,0.114786824
204000,0.1055841201
205000,0.1074893768
206000,0.111150703
207000,0.1160746936
208000,0.1032219983
209000,0.0670276961
210000,0.0660783723
211000,0.0829413226
212000,0.1035126113
213000,0.1064598983
214000,0.1089419973
215000,0.1131097546
216000,0.1247390872
217000,0.1327597892
218000,0.1326825127
219000,0.1311041136
220000,0.1209261313
221000,0.1062798751
222000,0.0883983406
223000,0.0875019701
224000,0.0890829352
225000,0.0905256578
226000,0.0749341862
227000,0.0620557217
228000,0.0600783708
229000,0.0575476847
230000,0.0605504903
231000,0.0651741039
232000,0.0731990347
233000,0.0841647918
234000,0.0839461172
235000,0.0805274587
236000,0.0817482634
237000,0.0823705125
238000,0.0910579363
239000,0.1130425854
240000,0.1107609835
241000,0.1048260612
242000,0.0944281407
243000,0.0812273665
244000,0.0791422563
245000,0.0752010184
246000,0.0768015566
247000,0.0789448231
248000,0.0712967704
249000,0.0525982782
250000,0.0564829126
251000,0.0577819562
252000,0.0590743412
253000,0.06155948
254000,0.0615149329
255000,0.0610853678
256000,0.059372925
257000,0.0566956392
258000,0.0549700835
259000,0.0514741504
260000,0.0465912214
261000,0.0449949052
262000,0.0783931676
263000,0.1429548425
264000,0.1479526926
265000,0.150111303
266000,0.1569997476
267000,0.1682956461
268000,0.185516255
269000,0.2057484493
270000,0.2259229737
271000,0.2267932625
272000,0.194087336
273000,0.1288218035
274000,0.1233082793
275000,0.1204100699
276000,0.1120911409
277000,0.1034748033
278000,0.0881543076
279000,0.068137202
280000,0.048720846
281000,0.0468367964
282000,0.0445414717
283000,0.0411330747
284000,0.0438049126
285000,0.0472326163
286000,0.0494683062
287000,0.0501600568
288000,0.0492422733
289000,0.0492419074
290000,0.049079915
291000,0.049318469
292000,0.050080602
293000,0.0502182493
294000,0.0463126214
295000,0.044791744
296000,0.0454570146
297000,0.042148534
298000,0.0465092675
299000,0.0488890611
300000,0.0485089646
301000,0.0514031197
302000,0.0603719298
303000,0.0621700551
304000,0.0626125418
305000,0.0615695726
306000,0.0590634785
307000,0.0637052958
308000,0.0807040738
309000,0.080821218
310000,0.0845285246
311000,0.0818205262
312000,0.0729957523
313000,0.0804234501
314000,0.1056105918
315000,0.1418783416
316000,0.1762679101
317000,0.1724193385
318000,0.1535094579
319000,0.1537765538
320000,0.1523820762
321000,0.1538017649
322000,0.157715024
323000,0.1485622421
324000,0.1254529342
325000,0.0892760683
326000,0.0551297194
327000,0.0540482778
328000,0.0540307697
329000,0.0523366724
330000,0.0516568074
331000,0.0554374646
332000,0.05975224
333000,0.0732793398
334000,0.0793874926
335000,0.0808688438
336000,0.0833746965
337000,0.0863733791
338000,0.0838627463
339000,0.0818609402
340000,0.0820949634
341000,0.0800073332
342000,0.0739155158
343000,0.0622007164
344000,0.0528388803
345000,0.0529287002
346000,0.0503294909
347000,0.049498304
348000,0.050570661
349000,0.0509150299
350000,0.0504785049
351000,0.0485581128
352000,0.0465690281
353000,0.0447068842
354000,0.0449379184
355000,0.0436302098
356000,0.0435579954
357000,0.0439063895
358000,0.044574971
359000,0.0459197871
360000,0.04448159
361000,0.0433720304
362000,0.0424632754
363000,0.0422479955
364000,0.0426376998
365000,0.044733847
366000,0.0483163842
367000,0.0470128451
368000,0.0444141469
369000,0.0442734891
370000,0.0453304793
371000,0.0460207743
372000,0.0483225081
373000,0.0502576212
374000,0.0538553207
375000,0.0541650526
376000,0.0523872787
377000,0.0585295857
378000,0.0648716974
379000,0.068728457
380000,0.0717823155
381000,0.0731784156
382000,0.0746487265
383000,0.0800442699
384000,0.0885997968
385000,0.0909945604
386000,0.1363019292
387000,0.2228417737
388000,0.3354487549
389000,0.5111062249
390000,0.664008809
391000,0.6616153492
392000,0.6595509978
393000,0.6610507687
394000,0.6615076714
395000,0.6561711202
396000,0.6086464377
397000,0.5164757459
398000,0.4384830423
399000,0.2650680681
400000,0.1141829062
401000,0.1177503402
402000,0.1212887621
403000,0.1121249457
404000,0.099063478
405000,0.0983156883
406000,0.0986087235
407000,0.0977834654
408000,0.0576844167
409000,0.0537753107
410000,0.047598056
411000,0.0490773633
412000,0.0447322085
413000,0.0577809363
414000,0.0582082039
415000,0.0610366743
416000,0.0615356905
417000,0.0632193525
418000,0.0635891319
419000,0.0640709775
420000,0.0670723354
421000,0.0643750875
422000,0.0821357237
423000,0.1043068395
424000,0.146086325
425000,0.1465920634
426000,0.1485937195
427000,0.1464305231
428000,0.1469397728
429000,0.146190794
430000,0.1438882712
431000,0.1431042475
432000,0.128101093
433000,0.0962668529
434000,0.0548594324
435000,0.0516394418
436000,0.0505440239
437000,0.0522618712
438000,0.0506324504
439000,0.0528872189
440000,0.0518197122
441000,0.0568899946
442000,0.0675749645
443000,0.0709320717
444000,0.0891764407
445000,0.1199848132
446000,0.1615582722
447000,0.1855665952
448000,0.192355187
449000,0.1906680405
450000,0.2506431852
451000,0.3648395865
452000,0.5311092521
453000,0.7898311883
454000,1.0686524772
455000,1.3957437003
456000,1.7717603718
457000,2.2234385777
458000,2.5730585906
459000,2.575602417
460000,2.5249002909
461000,2.4051535645
462000,2.2321563156
463000,1.9834850775
464000,1.7091523616
465000,1.3576920168
466000,0.9407060777
467000,0.4648206171
468000,0.1143061424
469000,0.1169217212
470000,0.1192276604
471000,0.1346063997
472000,0.1328254079
473000,0.1176913297
474000,0.096657342
475000,0.092890697
476000,0.0974723626
477000,0.1046546994
478000,0.0990925997
479000,0.0916218332
480000,0.0799248892
481000,0.0634437748
482000,0.0596145154
483000,0.0682278112
484000,0.0793789177
485000,0.0903094636
486000,0.0953401845
487000,0.1048179692
488000,0.1220843781
489000,0.1210263818
490000,0.1281113364
491000,0.1886170279
492000,0.2091280312
493000,0.2010436961
494000,0.1972234788
495000,0.1844122971
496000,0.1745607395
497000,0.1614369395
498000,0.1550398505
499000,0.16080062
500000,0.1805723163
501000,0.2097070393
502000,0.3834021666
503000,0.5611798497
504000,0.8194584012
505000,1.0981701617
506000,1.4614003612
507000,1.6018394132
508000,1.5924886205
509000,1.5909469724
510000,1.5700459312
511000,1.4863772881
512000,1.3100672307
513000,1.1973935046
514000,0.966802463
515000,0.6887955627
516000,0.3289998033
517000,0.2149707023
518000,0.2187970109
519000,0.2147998621
520000,0.2107469072
521000,0.2051171514
522000,0.1856794474
523000,0.1193694755
524000,0.0811130866
525000,0.0797792826
526000,0.0750301608
527000,0.0545265569
528000,0.0562561302
529000,0.0720249985
530000,0.0856098742
531000,0.086243501
532000,0.086982146
533000,0.0874442629
534000,0.0905917588
535000,0.1027040748
536000,0.1158349444
537000,0.1055402271
538000,0.09805674
539000,0.0831287236
540000,0.0803133084
541000,0.1182427749
542000,0.1766075653
543000,0.2359293088
544000,0.2332514967
545000,0.2211033508
546000,0.2082169003
547000,0.2064400508
548000,0.2068725695
549000,0.2096728494
550000,0.2052394557
551000,0.1786713918
552000,0.1259172933
553000,0.0679577486
554000,0.0699025959
555000,0.0704917004
556000,0.0702561904
557000,0.070827298
558000,0.0706157882
559000,0.0677910948
560000,0.0610055368
561000,0.049404314
562000,0.0427488434
563000,0.0420942528
564000,0.0406359949
565000,0.0466277315
566000,0.0606914403
567000,0.0841847778
568000,0.1144295539
569000,0.1162317973
570000,0.1146892486
571000,0.1137206264
572000,0.1133091064
573000,0.1119521554
574000,0.1122282924
575000,0.1061089403
576000,0.092329206
577000,0.0715238746
578000,0.0473197727
579000,0.0511030384
580000,0.1076605548
581000,0.2273838618
582000,0.4077711562
583000,0.6495962118
584000,0.9529949517
585000,1.3079430763
586000,1.6304118471
587000,1.659330525
588000,1.653500603
589000,1.6468169792
590000,1.6107074189
591000,1.5033597971
592000,1.3254535968
593000,1.0877215944
594000,0.7839252306
595000,0.4300592512
596000,0.1073978912
597000,0.0767938699
598000,0.0805099257
599000,0.0894993913
600000,0.0818158806
601000,0.0718077077
602000,0.0702735795
603000,0.0661386362
604000,0.0670508003
605000,0.0677565665
606000,0.0672405534
607000,0.0914335647
608000,0.1371754027
609000,0.2235858825
610000,0.3499083884
611000,0.510033542
612000,0.5181810074
613000,0.519661039
614000,0.5227402124
615000,0.520788552
616000,0.5215999539
617000,0.4988195696
618000,0.4530913314
619000,0.372306713
620000,0.2339114792
621000,0.0729278043
622000,0.0714810041
623000,0.0735929221
624000,0.0693428785
625000,0.0717981723
626000,0.072635741
627000,0.0712260277
628000,0.0909686449
629000,0.1629430336
630000,0.3126320844
631000,0.5247407587
632000,0.7945542377
633000,1.1316258192
634000,1.5358161966
635000,2.0006666958
636000,2.5297756222
637000,3.153354112
638000,3.787200524
639000,4.4216944644
640000,5.0564447564
641000,5.6916414361
642000,6.3265951992
643000,6.9691635392
644000,7.6024748221
645000,7.7026142659
646000,7.1717372701
647000,6.5498527667
648000,5.8984446117
649000,5.1808598549
650000,4.3971581954
651000,3.5508635244
652000,2.6462212476
653000,1.6754894867
654000,0.6543759019
655000,0.0887620483
656000,0.0894986419
657000,0.0866105503
658000,0.0830773523
659000,0.0901279599
660000,0.1061827677
661000,0.1290930251
662000,0.1540267007
663000,0.153278299
664000,0.1450970214
665000,0.166823382
666000,0.2044684018
667000,0.2583301923
668000,0.2970069392
669000,0.2858519702
670000,0.2688662063
671000,0.2442422022
672000,0.2147060143
673000,0.2079057692
674000,0.2047998761
675000,0.1817391154
676000,0.1474760461
677000,0.1013295202
678000,0.063772413
679000,0.0819120023
680000,0.142815382
681000,0.2426581052
682000,0.3820972782
683000,0.5505431513
684000,0.7650568117
685000,1.0284337214
686000,1.3016226043
687000,1.2936593519
688000,1.2965964211
689000,1.2802001511
690000,1.2188829677
691000,1.1196456796
692000,0.9783708124
693000,0.8102861916
694000,0.6295090975
695000,0.411798852
696000,0.135461833
697000,0.1377059981
698000,0.132754816
699000,0.1595038376
700000,0.2312030889
701000,0.333356915
702000,0.453847799
703000,0.6306970578
704000,0.7726880984
705000,0.8155911212
706000,0.8161318517
707000,0.8144968883
708000,0.8131385006
709000,0.7860325384
710000,0.7155120707
711000,0.6146961842
712000,0.4934419504
713000,0.3121004778
714000,0.1325624386
715000,0.0431342937
716000,0.0414138643
717000,0.0425219786
718000,0.0424153905
719000,0.0424842674
720000,0.0444546393
721000,0.0426025882
722000,0.0422238308
723000,0.042021777
724000,0.0406364566
725000,0.042433236
726000,0.0433435311
727000,0.0551944877
728000,0.0756836998
729000,0.0780338537
730000,0.0836608186
731000,0.0833978306
732000,0.0833012264
733000,0.0885409477
734000,0.0934396531
735000,0.0930060424
736000,0.0920587688
737000,0.0829828095
738000,0.0717336729
739000,0.0694107471
740000,0.0621943802
741000,0.0667871335
742000,0.0736132543
743000,0.0696282587
744000,0.0647553423
745000,0.0650477382
746000,0.0668977129
747000,0.0624275766
748000,0.0532703142
749000,0.0541697218
750000,0.0778505438
751000,0.0824750325
752000,0.0753480629
753000,0.0739044368
754000,0.0748747976
755000,0.0749903307
756000,0.0791187943
757000,0.0809026055
758000,0.0953851368
759000,0.1388679488
760000,0.1860616899
761000,0.1909157237
762000,0.1935704367
763000,0.1926726165
764000,0.1917757995
765000,0.190784512
766000,0.1860762137
767000,0.1851343564
768000,0.1729942355
769000,0.1318750234
770000,0.0606647818
771000,0.0491748478
772000,0.0488080371
773000,0.0505685708
774000,0.0538703605
775000,0.0603496202
776000,0.0591150904
777000,0.0581522845
778000,0.0605796346
779000,0.0565113803
780000,0.0554198101
781000,0.0548352523
782000,0.0634325674
783000,0.0841880118
784000,0.0882700506
785000,0.0836766125
786000,0.0855019182
787000,0.0883838638
788000,0.0875072972
789000,0.0893441301
790000,0.0903485948
791000,0.0894809869
792000,0.0796125038
793000,0.0673678742
794000,0.1059655409
795000,0.1315748037
796000,0.1304399239
797000,0.137311739
798000,0.1496680168
799000,0.1515542757
800000,0.1521960872
801000,0.1550308978
802000,0.1578223198
803000,0.1473847507
804000,0.1011675887
805000,0.0738901691
806000,0.1025905225
807000,0.0964303579
808000,0.0812356175
809000,0.0784480362
810000,0.0765018644
811000,0.0813734676
812000,0.0781625766
813000,0.0812066113
814000,0.0914534241
815000,0.1236168204
816000,0.094609695
817000,0.0968140654
818000,0.1021206786
819000,0.101868385
820000,0.1040423628
821000,0.0976114163
822000,0.1006472582
823000,0.1085734194
824000,0.0995678613
825000,0.0687626699
826000,0.0700812207
827000,0.0648025975
828000,0.058986434
829000,0.0580428694
830000,0.0562549007
831000,0.0548979561
832000,0.0560861599
833000,0.0451598591
834000,0.0438445912
835000,0.0429044932
836000,0.0472904722
837000,0.0518168984
838000,0.0507025446
839000,0.0522418124
840000,0.0525690909
841000,0.0555837687
842000,0.0514554909
843000,0.0525250122
844000,0.053961913
845000,0.0530612419
846000,0.0471933633
847000,0.0438971074
848000,0.0439831485
849000,0.0467472558
850000,0.0933722873
851000,0.0999264253
852000,0.1532942816
853000,0.1642156999
854000,0.1862918831
855000,0.1882181245
856000,0.1920951498
857000,0.1922732329
858000,0.1947176957
859000,0.1914067555
860000,0.1483502754
861000,0.1381164149
862000,0.0887744471
863000,0.0871269717
864000,0.0702383531
865000,0.0699084359
866000,0.0662851719
867000,0.0656808897
868000,0.0647119923
869000,0.0708985448
870000,0.0722759015
871000,0.0795732255
872000,0.0753051098
873000,0.0664380217
874000,0.0652530351
875000,0.0661991362
876000,0.067528907
877000,0.0715046165
878000,0.0705472598
879000,0.0657425697
880000,0.0612360572
881000,0.053406389
882000,0.0551760803
883000,0.053797347
884000,0.049290733
885000,0.0482445759
886000,0.046998585
887000,0.0425713236
888000,0.0759539045
889000,0.0753398407
890000,0.0778965576
891000,0.0824410989
892000,0.0818154365
893000,0.0837908512
894000,0.0830434302
895000,0.0897089876
896000,0.0976206763
897000,0.133277905
898000,0.1074620337
899000,0.1059720281
900000,0.1041619253
901000,0.0993775312
902000,0.1145137798
903000,0.118885906
904000,0.1205511014
905000,0.1225795619
906000,0.1202736711
907000,0.090902701
908000,0.0861494599
909000,0.0861980515
910000,0.0842065048
911000,0.0841713034
912000,0.0681684109
913000,0.0632472079
914000,0.0635146323
915000,0.0530335447
916000,0.0483521111
917000,0.0415772035
918000,0.0398441218
919000,0.0619805297
920000,0.135505858
921000,0.1793013274
922000,0.187015414
923000,0.1855985681
924000,0.1858182113
925000,0.1874617672
926000,0.1928307579
927000,0.1979400816
928000,0.198328232
929000,0.1771125598
930000,0.1129446449
931000,0.0694700961
932000,0.0631404339
933000,0.0639486668
934000,0.0805590646
935000,0.1187806006
936000,0.1122361317
937000,0.1069881138
938000,0.1056412775
939000,0.1041474817
940000,0.0951838962
941000,0.1026317401
942000,0.1007536551
943000,0.1009922942
944000,0.0829949117
945000,0.0473863096
946000,0.0622862397
947000,0.1037694378
948000,0.1051698465
949000,0.110063038
950000,0.1247755147
951000,0.139346494
952000,0.1413992965
953000,0.1411351401
954000,0.1403971848
955000,0.1468348903
956000,0.1337984375
957000,0.0928016947
958000,0.092817339
959000,0.0905555181
960000,0.0815849967
961000,0.0654612052
962000,0.0639624944
963000,0.0655939071
964000,0.090001456
965000,0.0836202591
966000,0.0859679952
967000,0.0889416794
968000,0.0868260047
969000,0.085193673
970000,0.0795999023
971000,0.0753822158
972000,0.0775881281
973000,0.079475118
974000,0.0643099916
975000,0.0600679334
976000,0.056721768
977000,0.0549576231
978000,0.0563296716
979000,0.0592716021
980000,0.1061275923
981000,0.2039133361
982000,0.3470621877
983000,0.5445588317
984000,0.7849593774
985000,1.0820609124
986000,1.4410088655
987000,1.7400979715
988000,1.7439274638
989000,1.7449272926
990000,1.6987155996
991000,1.5991943409
992000,1.4550483713
993000,1.2576399747
994000,1.0144999299
995000,0.7241313831
996000,0.3642530718
997000,0.0656284654
998000,0.0623804589
999000,0.0602654051
1000000,0.0605959811
1001000,0.0796146373
1002000,0.0818900585
1003000,0.0776778805
1004000,0.0710847813
1005000,0.0668780114
1006000,0.0718609377
1007000,0.0807331409
1008000,0.0788835759
1009000,0.0778543214
1010000,0.0814623937
1011000,0.0685192207
1012000,0.0701171095
1013000,0.0710122687
1014000,0.0711250297
1015000,0.0684643816
1016000,0.075447773
1017000,0.0773545704
1018000,0.0802505344
1019000,0.0790394538
1020000,0.0770669775
1021000,0.0784782436
1022000,0.0756576434
1023000,0.0743122666
1024000,0.0738980397
1025000,0.0757371592
1026000,0.0661961768
1027000,0.0594867702
1028000,0.0646326785
1029000,0.0760842456
1030000,0.0790105594
1031000,0.0709870275
1032000,0.0684739315
1033000,0.0690919435
1034000,0.0706473999
1035000,0.0687949726
1036000,0.0668215048
1037000,0.063596771
1038000,0.0952648625
1039000,0.1113477412
1040000,0.1069409744
1041000,0.1106312653
1042000,0.1160317944
1043000,0.1240024477
1044000,0.1350282813
1045000,0.1410882175
1046000,0.1416958139
1047000,0.1416170682
1048000,0.10313964
1049000,0.0786708442
1050000,0.0803905952
1051000,0.0773142975
1052000,0.0713488614
1053000,0.0631427883
1054000,0.0517185709
1055000,0.0454291638
1056000,0.0453681681
1057000,0.0472203651
1058000,0.0497619073
1059000,0.0461697235
1060000,0.0433776051
1061000,0.0433325497
1062000,0.0439020246
1063000,0.0650351951
1064000,0.1110860141
1065000,0.1116680479
1066000,0.1113372974
1067000,0.1062998491
1068000,0.1048720671
1069000,0.1087485006
1070000,0.1133107467
1071000,0.1226975227
1072000,0.1235775524
1073000,0.1026127968
1074000,0.0564288913
1075000,0.0988184739
1076000,0.2029136331
1077000,0.3637892685
1078000,0.39914389
1079000,0.3994174806
1080000,0.3951675909
1081000,0.3868217849
1082000,0.3865309573
1083000,0.3907863711
1084000,0.3927337162
1085000,0.3516775864
1086000,0.2857660398
1087000,0.2070935925
1088000,0.1704202724
1089000,0.1736976058
1090000,0.1877230334
1091000,0.2081754001
1092000,0.2370248961
1093000,0.2713219902
1094000,0.3151252427
1095000,0.363758343
1096000,0.3448597857
1097000,0.2641113598
1098000,0.2640676013
1099000,0.25786418
1100000,0.2451053565
1101000,0.2279474195
1102000,0.1997372358
1103000,0.1635098185
1104000,0.1170976395
1105000,0.067896765
1106000,0.0507366904
1107000,0.0558765661
1108000,0.0600032873
1109000,0.0625344877
1110000,0.0916873829
1111000,0.0894275945
1112000,0.089981847
1113000,0.0883434055
1114000,0.0885282075
1115000,0.087152172
1116000,0.0843410643
1117000,0.0783298469
1118000,0.0750043149
1119000,0.0711505011
1120000,0.0488294193
1121000,0.0519554883
1122000,0.0510773303
1123000,0.0519366018
1124000,0.0527296087
1125000,0.0542448054
1126000,0.0550188005
1127000,0.057325023
1128000,0.056373166
1129000,0.0618107276
1130000,0.0547441261
1131000,0.0803731149
1132000,0.1695294923
1133000,0.3242559883
1134000,0.3772599705
1135000,0.4200935242
1136000,0.4356807959
1137000,0.4332995461
1138000,0.4348474399
1139000,0.4320589926
1140000,0.4309000702
1141000,0.4023102359
1142000,0.3143833726
1143000,0.157822279
1144000,0.1044433089
1145000,0.0616467867
1146000,0.0466960847
1147000,0.0463118695
1148000,0.0457900698
1149000,0.046851036
1150000,0.048957248
1151000,0.0465107437
1152000,0.045596258
1153000,0.0466418154
1154000,0.0482552451
1155000,0.051137784
1156000,0.0536973921
1157000,0.0560417097
1158000,0.0555730292
1159000,0.0540419656
1160000,0.0535261452
1161000,0.0546699272
1162000,0.0577475784
1163000,0.0636531585
1164000,0.0700719766
1165000,0.0692245967
1166000,0.065538482
1167000,0.0645261628
1168000,0.0636132794
1169000,0.0615394389
1170000,0.061211156
1171000,0.0726210055
1172000,0.0696248872
1173000,0.062922636
1174000,0.0553094018
1175000,0.0528293095
1176000,0.0550644414
1177000,0.0559183892
1178000,0.0556754547
1179000,0.0562970998
1180000,0.0633605873
1181000,0.0688850975
1182000,0.0670694749
1183000,0.0678901347
1184000,0.0789919482
1185000,0.0790724762
1186000,0.0781848413
1187000,0.0789119453
1188000,0.0808670835
1189000,0.0816367015
1190000,0.0735153199
1191000,0.0590466274
