1000,8965.15574775
2000,11272.5814242
3000,12563.0668389
4000,13441.5328975
5000,14137.8766478
6000,16800.3511009
7000,20354.6220123
8000,20671.7790532
9000,21008.1616639
10000,22436.5216378
11000,25906.3656378
12000,27172.1250699
13000,33794.0252226
14000,36979.6826261
15000,36854.6694273
16000,36622.7948713
17000,44177.386297
18000,44182.9176991
19000,44155.4096459
20000,46642.4399625
21000,53398.5908362
22000,55135.6505073
23000,50081.7449525
24000,54217.2616391
25000,142494.94908
26000,229030.53219
27000,232120.137047
28000,265892.03574
29000,310214.723368
30000,340239.384372
31000,360634.408546
32000,385682.265528
33000,429822.135295
34000,444897.246998
35000,396438.779172
36000,318233.228165
37000,309105.100245
38000,278753.081844
39000,237810.260899
40000,207475.584839
41000,181672.270951
42000,157951.920948
43000,116460.769016
44000,98182.9741872
45000,62558.5053693
46000,57148.7446422
47000,57157.6379941
48000,53567.9907614
49000,48856.4305603
50000,44131.3365143
51000,40818.9642991
52000,38785.6356539
53000,35359.0540161
54000,30926.9468354
55000,28345.7677249
56000,26850.0007729
57000,25169.5842473
58000,25364.9446731
59000,26337.1788659
60000,26331.3665311
61000,25680.3259693
62000,24436.9946184
63000,24228.5512033
64000,25142.6239003
65000,23412.1132902
66000,20574.637275
67000,17958.1546468
68000,18995.8152845
69000,19656.3416992
70000,20650.2171069
71000,20974.8236512
72000,21533.1312467
73000,22705.3156825
74000,22343.6848254
75000,21793.6295455
76000,21739.0586101
77000,21541.3433797
78000,20597.3717529
79000,19771.2387776
80000,20087.1437298
81000,19635.4955806
82000,18104.1107923
83000,16454.9984322
84000,16458.9809285
85000,17301.5592564
86000,17370.9916459
87000,17633.2207487
88000,16797.8487902
89000,16516.508889
90000,17426.6181313
91000,20922.5196627
92000,25201.4522191
93000,29909.3025907
94000,30761.6654359
95000,30843.3891187
96000,31578.5340948
97000,31054.538151
98000,30675.9260806
99000,31534.4510992
100000,29875.3905972
101000,26222.1431003
102000,22344.7078233
103000,18509.4208231
104000,19716.1974491
105000,19476.5938207
106000,20324.3012127
107000,23638.1341741
108000,24525.0014656
109000,23548.9703034
110000,23346.2420169
111000,23630.3342619
112000,23849.2034036
113000,22386.3709966
114000,19421.4712489
115000,19018.1323148
116000,17424.5576656
117000,14699.3052019
118000,14002.2068215
119000,13753.9395893
120000,16356.6247212
121000,24016.1258671
122000,33111.9494382
123000,36218.8796948
124000,37678.4437402
125000,43864.2775004
126000,43672.2513812
127000,44138.1553602
128000,43843.1736987
129000,44582.6072852
130000,41553.2918637
131000,33224.4163784
132000,24170.4102132
133000,22685.3243234
134000,22917.1915982
135000,18304.6202614
136000,19567.6237105
137000,19361.8710339
138000,20226.4549262
139000,20799.4183037
140000,25262.7662661
141000,28376.4258273
142000,27577.9571912
143000,26676.2512415
144000,27180.9367704
145000,26178.840353
146000,24735.5700202
147000,23937.0068479
148000,22818.1898369
149000,22523.19813
150000,19359.4693878
151000,16635.6646373
152000,16496.7484967
153000,16569.2168814
154000,16546.1342237
155000,17803.8398193
156000,19217.0500133
157000,20326.4349161
158000,20690.3328602
159000,20030.4877418
160000,19016.4121086
161000,18988.4254237
162000,19341.2297272
163000,18612.4689902
164000,17421.5552395
165000,16659.252851
166000,16290.8333675
167000,16396.7830566
168000,17831.6940971
169000,18823.1709727
170000,20331.7831836
171000,21874.2275576
172000,22430.9040039
173000,23823.236169
174000,24143.8080585
175000,23480.9537805
176000,23509.3938186
177000,24401.9434956
178000,23863.6807055
179000,22670.0300153
180000,21237.5935345
181000,20859.1409878
182000,20999.4560477
183000,19936.1955405
184000,19014.1692541
185000,20851.632837
186000,21833.8091373
187000,20952.2355957
188000,21228.3863707
189000,21870.0628515
190000,24832.856609
191000,26085.5725718
192000,24833.5951951
193000,24893.9569074
194000,24589.5688344
195000,22797.2491054
196000,21537.8565079
197000,20586.2500416
198000,19567.373412
199000,19044.889575
200000,18184.1402181
201000,16169.6871342
202000,17037.9604385
203000,17290.1668882
204000,17497.6968594
205000,18048.357107
206000,18185.3598418
207000,22680.4615149
208000,49582.6237401
209000,49645.3020226
210000,47616.0222544
211000,46886.9331372
212000,47159.3347516
213000,46995.7466683
214000,46971.5466615
215000,46757.9623025
216000,47005.277425
217000,42720.7608898
218000,15988.5403256
219000,16574.9192563
220000,20174.2125463
221000,21641.260853
222000,21436.1254278
223000,22300.3062707
224000,22435.6011741
225000,22191.8385909
226000,22329.761305
227000,23677.2444219
228000,23816.5386695
229000,24356.0965886
230000,20886.5614541
231000,20358.6133271
232000,22504.020102
233000,25161.7193874
234000,28508.591724
235000,30237.5277376
236000,29131.2085432
237000,28492.9762619
238000,28650.705311
239000,28910.4590777
240000,29539.9245204
241000,29129.8063614
242000,28733.2241637
243000,26598.2685012
244000,24490.2405245
245000,22734.676005
246000,22847.2401183
247000,24102.7986924
248000,24253.6595953
249000,22681.9443881
250000,22054.8041928
251000,22056.2108423
252000,19684.9601399
253000,18962.7517292
254000,18393.6996117
255000,23154.3370896
256000,35224.0590181
257000,46751.2605946
258000,53580.6662544
259000,55987.6823149
260000,56561.5455023
261000,57136.9160221
262000,58033.4578897
263000,58774.2401503
264000,62379.267877
265000,57521.627588
266000,45490.4255639
267000,31763.335916
268000,24390.1947166
269000,21600.8484611
270000,21352.5084
271000,20505.8704758
272000,20391.8918914
273000,19436.8707542
274000,15686.7392763
275000,16483.5103822
276000,18191.8603452
277000,19952.4570841
278000,20525.1550534
279000,20791.1355655
280000,21470.60908
281000,22480.1954018
282000,22105.2245921
283000,22568.1522673
284000,21722.8401213
285000,20710.7177247
286000,18816.4797619
287000,17878.4264416
288000,17128.3695332
289000,17842.2268154
290000,18392.5462095
291000,18861.4159547
292000,18920.4410709
293000,18939.2851088
294000,21187.9042727
295000,24964.149956
296000,28647.7517302
297000,33463.4759018
298000,38237.8418559
299000,38132.5121189
300000,36899.9440675
301000,37189.3751764
302000,37531.0905669
303000,36720.5811093
304000,34555.2406201
305000,30598.1866096
306000,27042.1047387
307000,22045.0662399
308000,17949.0893041
309000,17772.665093
310000,20231.4404409
311000,18053.9070109
312000,17339.5696813
313000,17013.5551577
314000,18619.7823836
315000,20456.6244897
316000,20659.8903162
317000,21409.1283959
318000,22331.7902729
319000,22382.9746577
320000,19192.3157053
321000,19700.2388846
322000,19644.9535936
323000,20005.6535072
324000,18914.0801748
325000,16831.4569674
326000,18107.2051203
327000,17571.2969908
328000,17125.3326916
329000,16756.7697024
330000,17455.0582181
331000,17789.5366772
332000,17586.6517649
333000,16902.4877368
334000,17205.1008144
335000,18001.3974037
336000,17589.8234485
337000,19283.3447404
338000,18051.5334535
339000,17920.394315
340000,18003.6484319
341000,17762.7112926
342000,19218.7326018
343000,21445.9749403
344000,22084.9708649
345000,22284.6587611
346000,21568.5786747
347000,19247.4844601
348000,20714.9004191
349000,23935.7534325
350000,23954.0184407
351000,24926.2920224
352000,24458.3886039
353000,23786.3751733
354000,23842.222424
355000,25209.0259876
356000,25955.5053639
357000,26211.3482503
358000,24731.1496322
359000,23254.5082365
360000,23037.9997853
361000,22544.019689
362000,21959.3058702
363000,20800.0598405
364000,22121.1144782
365000,20237.8445597
366000,19952.37023
367000,20879.670015
368000,24290.7580917
369000,26421.3155221
370000,29171.0419633
371000,29003.6590129
372000,31047.9189505
373000,32129.6583802
374000,29945.7911056
375000,29982.2335689
376000,28941.2701845
377000,28309.6467185
378000,25813.5783118
379000,22481.2284593
380000,19644.2836875
381000,19463.7439985
382000,17575.8066875
383000,16516.0653983
384000,17486.3464534
385000,20290.0932303
386000,21788.3931276
387000,21350.5827956
388000,21149.6485001
389000,21073.2604305
390000,21163.1200899
391000,21626.1967751
392000,21803.7117471
393000,22714.731958
394000,21074.7870598
395000,18059.2904466
396000,19504.9081467
397000,19622.1949997
398000,19308.1100241
399000,19327.7713607
400000,18743.549149
401000,17934.8996604
402000,17999.9321982
403000,18781.9567168
404000,21212.8146814
405000,25915.2623767
406000,27877.516548
407000,30298.9374959
408000,29982.6772698
409000,29464.4212961
410000,31057.4118104
411000,30898.4189475
412000,30819.4613667
413000,29684.3088914
414000,29610.5522079
415000,27728.0194635
416000,24106.6996063
417000,21946.6999073
418000,22318.2246794
419000,24632.4978528
420000,23975.0087058
421000,25952.9285294
422000,26343.8971329
423000,28980.2356941
424000,30998.6150159
425000,31257.8980375
426000,30635.1545768
427000,29908.5410002
428000,32190.9630083
429000,32996.4413853
430000,34529.922741
431000,37077.6150809
432000,38075.3522609
433000,34500.6815084
434000,30468.4999114
435000,28635.9323624
436000,30411.6290847
437000,31600.9452834
438000,29074.3068807
439000,26187.4111724
440000,24055.4514868
441000,23490.9823661
442000,22362.670061
443000,22552.3966685
444000,23179.757699
445000,23858.1619082
446000,21517.1950011
447000,20348.691129
448000,20583.1747464
449000,20310.7342189
450000,20890.5633009
451000,17676.6378817
452000,17548.5923421
453000,18277.9569166
454000,19244.8384131
455000,17843.0978355
456000,20372.4933218
457000,21142.1943186
458000,23000.4676935
459000,24842.0009295
460000,26370.0288709
461000,26511.0866382
462000,27222.0380131
463000,26965.312939
464000,26088.5064794
465000,27103.6256381
466000,24888.8485908
467000,24329.266209
468000,24203.8045648
469000,25658.6155831
470000,25863.8992088
471000,25138.439795
472000,24264.8525392
473000,24456.8730776
474000,24793.8955055
475000,23982.9086626
476000,27057.1398808
477000,27484.1934836
478000,26862.155723
479000,28538.1600233
480000,28811.8504781
481000,30412.8890667
482000,29998.1066721
483000,29741.2405014
484000,30480.5473457
485000,30187.9088543
486000,26979.0599115
487000,27320.6638698
488000,26729.8321567
489000,22791.9072625
490000,22531.6354027
491000,22095.7104021
492000,24726.7316559
493000,28097.2237812
494000,29771.4717735
495000,31359.9313789
496000,32876.5780504
497000,31344.4237606
498000,31707.4275511
499000,35557.3888276
500000,38005.8155128
501000,41976.364774
502000,43957.0070091
503000,44745.8991725
504000,46193.034498
505000,49415.7516767
506000,53066.7036305
507000,54958.2050745
508000,56408.9966513
509000,52673.6432191
510000,47608.3735874
511000,45529.3025491
512000,44473.9905936
513000,43757.933373
514000,39142.6805271
515000,34701.4647591
516000,29399.6598816
517000,29941.5953426
518000,29950.0771577
519000,32881.3463732
520000,37477.3258463
521000,38048.627655
522000,35089.4759974
523000,33436.814526
524000,34362.0733918
525000,35242.1187555
526000,36996.9862786
527000,36317.2595588
528000,33390.648999
529000,30055.0338884
530000,25443.5828507
531000,21687.2595045
532000,21529.9731826
533000,20131.771469
534000,20992.4279622
535000,21170.4806731
536000,20855.614266
537000,22830.3649297
538000,26607.0385561
539000,28024.792136
540000,28328.8048316
541000,29064.3900655
542000,31150.832535
543000,32233.0490515
544000,29976.057126
545000,29058.2358834
546000,28100.2080892
547000,25591.8413575
548000,22675.8451574
549000,21553.0179682
550000,25070.5464732
551000,24529.2086203
552000,23953.0288366
553000,27218.5986264
554000,32456.4229952
555000,34328.1434707
556000,39041.924684
557000,39865.3972644
558000,42565.693488
559000,42683.7807705
560000,39924.9384481
561000,42088.0407285
562000,43462.2137404
563000,42115.1990429
564000,36959.3807541
565000,37588.1438204
566000,38923.753549
567000,37805.0344298
568000,35742.9419137
569000,35474.0605381
570000,39234.0554468
571000,39708.67091
572000,37307.0622512
573000,36529.7036152
574000,36284.3400351
575000,33065.735167
576000,27176.4942523
577000,27080.7232019
578000,26271.2360153
579000,25300.8896449
580000,21228.2614256
581000,19079.4211849
582000,19063.4866026
583000,19413.8497866
584000,20144.5651543
585000,20794.8367263
586000,20486.2096029
587000,21170.229736
588000,22012.9503069
589000,26508.8509239
590000,30869.7740359
591000,33244.9317982
592000,32116.5934598
593000,28441.6079789
594000,28562.7895907
595000,29168.4678362
596000,32390.9188007
597000,35953.2476541
598000,38946.9558728
599000,35121.8556245
600000,29879.4028036
601000,27253.7508792
602000,29325.5911503
603000,29408.826703
604000,28752.904378
605000,28883.9764727
606000,28750.1784293
607000,27530.6551823
608000,28282.4873923
609000,28165.7921673
610000,28860.6888266
611000,28689.6992466
612000,27029.5143077
613000,27435.7330011
614000,28242.1695024
615000,27143.6113237
616000,25988.2875273
617000,23965.544052
618000,19707.9967064
619000,20035.6419025
620000,19548.9256652
621000,19421.6649184
622000,19521.5051558
623000,20247.4097381
624000,23614.1194333
625000,27405.5740969
626000,29641.7584032
627000,29251.240526
628000,28437.2588156
629000,27864.4579184
630000,27745.4791158
631000,27591.7050549
632000,27131.4460323
633000,27273.9142838
634000,23282.2948757
635000,19778.635067
636000,17077.1057097
637000,18772.6776189
638000,20613.4048622
639000,22485.2807201
640000,27514.3143299
641000,32274.5586207
642000,37179.4601352
643000,40956.8759552
644000,45726.8350334
645000,47392.3676116
646000,47154.707731
647000,45200.4069513
648000,43908.8320924
649000,42995.7144179
650000,41823.9381994
651000,40435.0482903
652000,35913.0743289
653000,32072.4110816
654000,26756.1835784
655000,24435.9565669
656000,23006.1660662
657000,23405.6389343
658000,23375.1384254
659000,22870.249034
660000,20142.4699486
661000,18198.393912
662000,18891.3337473
663000,18564.7610671
664000,18789.7935703
665000,18480.8186456
666000,19201.1032055
667000,18148.2821717
668000,17645.0925957
669000,16964.3381877
670000,18262.7072217
671000,18589.0969764
672000,21152.7477505
673000,23884.9680603
674000,26317.5504043
675000,26356.3886973
676000,26328.8940855
677000,26607.4449656
678000,28005.8773829
679000,28233.012365
680000,26944.1658879
681000,26901.9348755
682000,24223.0068006
683000,21193.1055581
684000,18489.3812198
685000,19821.2667418
686000,19083.1039717
687000,19951.571019
688000,18826.0681978
689000,19992.2433466
690000,19972.5971169
691000,18657.1433546
692000,19207.8661652
693000,23133.3647665
694000,27786.4172544
695000,31089.0444113
696000,37740.5400487
697000,43377.6735742
698000,49900.5208679
699000,55397.7868237
700000,61257.2249964
701000,67637.9412555
702000,72909.5003838
703000,74682.0400255
704000,75625.4343857
705000,76316.8025145
706000,74828.5824464
707000,73278.141495
708000,71713.6793792
709000,70219.4777075
710000,63912.2617819
711000,56950.129997
712000,50395.6190552
713000,45418.495919
714000,40282.7702428
715000,35783.1938392
716000,30932.623788
717000,26733.7298921
718000,22428.9239577
719000,19425.1243703
720000,19698.6548999
721000,20489.1763053
722000,20496.004926
723000,19238.4205042
724000,19044.1429544
725000,21013.5029515
726000,26641.922624
727000,36714.1916456
728000,54423.4171547
729000,53302.4640648
730000,52698.5086149
731000,58292.9433226
732000,69075.0889368
733000,80709.3607535
734000,96616.2999368
735000,94652.8500434
736000,88427.4437287
737000,78663.9087939
738000,60368.6205987
739000,60962.7613341
740000,64022.7062293
741000,61063.1900157
742000,49888.1632804
743000,38769.3098842
744000,25167.3681782
745000,27799.3701092
746000,28073.768055
747000,27779.9229311
748000,29881.114315
749000,30881.329046
750000,31122.0096975
751000,31139.6022578
752000,35303.0926349
753000,38844.4866987
754000,40758.7385586
755000,37489.1181988
756000,38227.1541254
757000,37815.7354374
758000,35602.5364309
759000,33128.3671832
760000,30780.249471
761000,32188.2432272
762000,29567.7955905
763000,37539.5096315
764000,36995.3373251
765000,37763.4536662
766000,39617.1711285
767000,42625.2681487
768000,43071.4234229
769000,44812.1744535
770000,46774.0946928
771000,44418.3260176
772000,46061.4974637
773000,37714.2307329
774000,35915.1198853
775000,34955.6134721
776000,33080.6743866
777000,29501.796371
778000,28901.30876
779000,28756.7131019
780000,26868.7361324
781000,25178.2238246
782000,22573.1706169
783000,19826.8549775
784000,20625.0966027
785000,20614.4327516
786000,19826.9488683
787000,19612.577972
788000,19834.1062
789000,18641.6227182
790000,17928.6503064
791000,17512.2497094
792000,17788.0346745
793000,17294.0080469
794000,15695.142033
795000,19334.3757569
796000,19990.072844
797000,21157.7626589
798000,20850.0821094
799000,21312.3650194
800000,24590.4955079
801000,24654.2392957
802000,24519.9926237
803000,25993.83928
804000,25068.2099166
805000,21492.4966326
806000,21488.1662694
807000,21778.5952896
808000,21712.0054352
809000,20748.6676852
810000,17153.5537419
811000,17620.4999234
812000,20970.3802514
813000,22260.9326322
814000,24231.6387606
815000,24403.6557845
816000,25316.6418924
817000,26336.434263
818000,26535.8578239
819000,26372.3339771
820000,28576.226957
821000,28243.5260947
822000,24432.2615312
823000,21227.9730697
824000,19259.8662878
825000,19704.9346875
826000,22148.395969
827000,20213.1702341
828000,20607.8659425
829000,21015.0666588
830000,20072.2592962
831000,21698.7839237
832000,22597.2282688
833000,23430.5079634
834000,23186.3155977
835000,25153.8505719
836000,24766.7120259
837000,27230.777549
838000,26779.3410442
839000,26382.8408926
840000,24993.1198287
841000,23197.1683945
842000,22454.6449246
843000,22575.4016716
844000,23265.9862069
845000,21466.6202437
846000,19502.428826
847000,17554.4745992
848000,18062.6926874
849000,18530.2123718
850000,18803.8775534
851000,18432.9623626
852000,19340.6365782
853000,19541.9869368
854000,19513.3084877
855000,18831.7456823
856000,17560.7297748
857000,18103.689591
858000,18459.3363862
859000,18708.7098366
860000,18828.3812809
861000,21199.5816687
862000,27966.7493816
863000,34520.2559875
864000,34118.5692545
865000,34668.8941627
866000,34294.0369898
867000,32828.6178075
868000,32179.2657504
869000,32415.1896394
870000,31958.9583248
871000,30064.7793937
872000,22025.6996346
873000,14852.9957757
874000,14774.3995535
875000,17632.3439644
876000,20965.3927543
877000,21680.0640737
878000,21672.8537565
879000,22551.640592
880000,26009.0571806
881000,25488.9994896
882000,27367.8313246
883000,29276.5009216
884000,31031.1957904
885000,27415.7477275
886000,24100.5263256
887000,23216.0741938
888000,23755.3101316
889000,25406.0678311
890000,29200.930956
891000,30480.0917178
892000,29292.1320261
893000,26988.3183018
894000,25809.758653
895000,26154.8668799
896000,27750.9112089
897000,29667.5922637
898000,29954.0421987
899000,26998.0511338
900000,19752.5770626
901000,19021.6478699
902000,18614.0221582
903000,19098.892368
904000,22126.2747269
905000,29710.6427842
906000,37112.8579112
907000,38009.8294816
908000,37958.7487183
909000,38043.6876079
910000,38341.5564843
911000,38154.004634
912000,37738.1159242
913000,37195.4551995
914000,33668.1176788
915000,26416.9522835
916000,17276.570573
917000,15249.5071036
918000,15069.8401107
919000,14508.3263041
920000,14107.287927
921000,14732.2793598
922000,16128.4664647
923000,20137.7784675
924000,20448.3216157
925000,19527.876182
926000,19408.8466757
927000,19105.301479
928000,18596.5248643
929000,19084.1139584
930000,19157.4869415
931000,18483.0964169
932000,17710.6932779
933000,13896.9434292
934000,13544.1080645
935000,14692.3707304
936000,15137.2904654
937000,14854.009508
938000,14765.4187973
939000,18108.8343995
940000,18893.5295346
941000,19018.5650313
942000,19212.8496576
943000,21374.9749366
944000,21587.5022242
945000,22066.2478435
946000,22411.1331006
947000,22546.1030623
948000,23757.2872178
949000,20939.8298769
950000,20619.0410487
951000,21314.6845333
952000,20823.0031473
953000,19563.5327244
954000,20470.2697025
955000,19027.6999494
956000,19149.1218066
957000,18820.7581132
958000,17945.7401628
959000,17041.6746271
960000,17718.7916088
961000,17218.4512775
962000,18567.6509854
963000,17525.6660171
964000,17397.6846973
965000,17928.9890177
966000,17758.0062817
967000,18717.3110806
968000,18663.4260764
969000,19216.2503125
970000,18468.7508902
971000,18210.1774879
972000,17328.7516491
973000,17323.3321745
974000,16517.0792187
975000,17371.4645965
976000,17178.7112517
977000,17011.8368109
978000,19526.9499437
979000,19208.9990073
980000,19391.6664545
981000,19892.6686461
982000,24126.2853869
983000,25522.6968593
984000,27878.7859886
985000,29059.8715689
986000,29195.3426576
987000,29016.7700633
988000,25698.4877736
989000,25652.2140079
990000,27195.9417262
991000,28873.7498744
992000,27313.2659436
993000,25875.6224775
994000,23611.6576467
995000,22008.1134406
996000,21582.9806371
997000,22832.4734782
998000,26232.3959824
999000,28403.5127428
1000000,28561.9351414
1001000,28661.4836578
1002000,26237.6050862
1003000,27159.2217491
1004000,28074.2815618
1005000,27659.2935172
1006000,28064.4116737
1007000,26453.6280932
1008000,25994.3399234
1009000,24588.6235776
1010000,23195.5145014
1011000,21353.481083
1012000,20854.4330888
1013000,20621.4084073
1014000,19572.9369342
1015000,19461.4977123
1016000,19759.3505972
1017000,22826.6211906
1018000,22646.266694
1019000,22807.7396888
1020000,22239.7474473
1021000,21854.2720024
1022000,21544.3752644
1023000,21643.8084083
1024000,23398.1432453
1025000,24153.3373773
1026000,24220.5156215
1027000,21347.1609931
1028000,18960.7299909
1029000,18410.0318406
1030000,18495.7790542
1031000,18994.3094489
1032000,19009.4489325
1033000,19838.0618354
1034000,21658.6695891
1035000,20784.9580182
1036000,20591.4878386
1037000,20357.4842365
1038000,20098.5664589
1039000,19071.8531694
1040000,18593.1609882
1041000,20166.1654468
1042000,20611.0202575
1043000,20446.4128433
1044000,18103.7080568
1045000,19791.8546782
1046000,26149.8476413
1047000,27577.5969487
1048000,28534.5695653
1049000,29715.3042286
1050000,30937.2933012
1051000,29836.1804144
1052000,30769.4299425
1053000,30094.8277232
1054000,28943.5844626
1055000,27028.2033625
1056000,20250.6935164
1057000,19677.6910062
1058000,19455.0902053
1059000,19241.4812099
1060000,20115.3204955
1061000,19540.1096172
1062000,22298.4840825
1063000,27920.5205336
1064000,27501.0719572
1065000,27381.8711011
1066000,28332.7551735
1067000,29543.2171371
1068000,29060.1264461
1069000,28903.2447322
1070000,27597.0842698
1071000,27439.1884155
1072000,23453.9805421
1073000,17617.4595068
1074000,18177.4223637
1075000,18711.4985281
1076000,17725.3933691
1077000,17477.4128961
1078000,19664.511522
1079000,19237.7350908
1080000,18866.1927379
1081000,18576.0580986
1082000,18446.2114729
1083000,17733.9723307
1084000,17981.9460297
1085000,20006.313537
1086000,22713.5206263
1087000,24706.0890416
1088000,26998.4455568
1089000,30865.3598322
1090000,34173.0672475
1091000,38457.307036
1092000,40279.0358164
1093000,40998.8721601
1094000,41053.7812051
1095000,39934.0989751
1096000,36910.1067924
1097000,33422.1877085
1098000,31081.4981373
1099000,29570.9909664
1100000,27141.6362278
1101000,22931.9240676
1102000,21420.775129
1103000,23441.8311461
1104000,25005.2955884
1105000,23814.5169554
1106000,24562.1706524
1107000,25608.4432997
1108000,25081.1701304
1109000,22771.3949583
1110000,22402.3153419
1111000,22734.0153805
1112000,23724.7541366
1113000,24561.9014955
1114000,28654.1814233
1115000,28605.4665271
1116000,29047.9107207
1117000,29946.7377445
1118000,30752.6506557
1119000,33956.39495
1120000,33502.6354389
1121000,33157.818549
1122000,31937.4922243
1123000,29358.6730399
1124000,24211.4044391
1125000,24752.3929571
1126000,24889.2057007
1127000,23390.1818707
1128000,21183.3242885
1129000,19515.4739723
1130000,21528.1429203
1131000,21392.5968854
1132000,21180.6000767
1133000,20487.6413566
1134000,19492.0337587
1135000,20554.746347
1136000,23056.1623235
1137000,28976.974409
1138000,44109.9606737
1139000,50853.1941189
1140000,49247.2973075
1141000,50388.6075735
1142000,51522.9257151
1143000,52336.0014024
1144000,53483.6416567
1145000,52394.7715618
1146000,48717.1256054
1147000,42070.1403375
1148000,27765.8070777
1149000,22731.6578119
1150000,22743.0319336
1151000,23193.2030899
1152000,25728.8712653
1153000,27939.8228043
1154000,29936.8771117
1155000,33036.9619535
1156000,34117.3930974
1157000,33917.4469083
1158000,33607.3009043
1159000,30783.7361158
1160000,30191.534405
1161000,30036.3796283
1162000,26692.8933861
1163000,23375.3218039
1164000,20199.2270771
1165000,16331.1449665
1166000,15561.0538943
1167000,15745.5136491
1168000,15125.3004886
1169000,15455.2221696
1170000,17935.169623
1171000,16838.9088705
1172000,16682.8751974
1173000,18166.5800481
1174000,18931.0549913
1175000,19691.8064319
1176000,19296.610804
1177000,22205.4237443
1178000,22427.9491552
1179000,22092.1999339
1180000,18964.040846
1181000,18549.483809
1182000,18434.0927328
1183000,17662.1596524
1184000,18932.1691628
1185000,21183.0144911
1186000,23432.1747225
1187000,20636.1766619
1188000,20770.4048436
1189000,21027.7246914
1190000,29755.5721265
1191000,59866.58323
1192000,100165.390763
1193000,102228.017549
1194000,100106.305903
1195000,97545.7776835
1196000,95813.7309931
1197000,95649.9216484
1198000,95605.2300288
1199000,96439.624862
1200000,89015.4546974
1201000,59855.3706747
1202000,21225.7055926
1203000,24155.447936
1204000,24356.8415276
1205000,24659.5743032
1206000,26522.9518963
1207000,30411.5546644
1208000,32976.2617795
1209000,34960.5586936
1210000,38130.2064745
1211000,41388.129053
1212000,43086.1170159
1213000,37563.0792358
1214000,37902.409706
1215000,37812.8530075
1216000,35817.8840696
1217000,32005.3636765
1218000,29983.9355361
1219000,27013.9048004
1220000,23143.4610428
1221000,19387.7429258
1222000,16575.5332727
1223000,18678.1594345
1224000,20473.0391744
1225000,23818.3854079
1226000,26412.5389878
1227000,27596.0613789
1228000,28629.6505011
1229000,27891.0392267
1230000,28052.9013009
1231000,27757.6083524
1232000,27768.1184541
1233000,27165.136695
1234000,24640.5485508
1235000,21500.7013856
1236000,18911.9893622
1237000,18916.9854838
1238000,16914.3782262
1239000,17351.2927222
1240000,18705.615834
1241000,18202.1562917
1242000,18213.1331783
1243000,17004.9730167
1244000,16811.098447
1245000,16622.5224231
1246000,18053.3366495
1247000,17037.1241128
1248000,17682.1741444
1249000,17924.9940223
1250000,17621.9803929
1251000,18394.338373
1252000,20916.1223756
1253000,24876.3278287
1254000,30447.5424292
1255000,30666.0629413
1256000,31161.6979798
1257000,33282.4145839
1258000,32595.6114385
1259000,31858.9450837
1260000,33723.3928475
1261000,33314.8615356
1262000,30874.0797721
1263000,28387.7951195
1264000,24044.9158304
1265000,23319.6526809
1266000,21447.752928
1267000,20293.1115112
1268000,20838.6264714
1269000,23340.6603449
1270000,20044.9232042
1271000,22694.7510237
1272000,25050.8823712
1273000,25507.3670883
1274000,25018.9407864
1275000,27434.0984448
1276000,26981.4427366
1277000,26621.3728494
1278000,26491.8236176
1279000,26693.9759047
1280000,27137.9389786
1281000,24941.8709099
1282000,23500.4296273
1283000,22281.3630584
1284000,23036.7495948
1285000,22997.9935547
1286000,23256.0700125
1287000,25366.8522129
1288000,29614.3948808
1289000,31599.8605585
1290000,32269.673371
1291000,31619.6163524
1292000,29961.2363782
1293000,28818.6273921
1294000,27483.5426913
1295000,25064.1686639
1296000,26388.5886039
1297000,24650.4367848
1298000,20561.1282092
1299000,16126.4556808
1300000,15805.8541256
1301000,16340.9061011
1302000,17609.5072923
1303000,18012.0272785
1304000,18375.613109
1305000,18161.7876967
1306000,16676.7736344
1307000,15801.3587106
1308000,16652.0318345
1309000,16172.9478208
1310000,15732.9680462
1311000,16010.9593787
1312000,16493.2470207
1313000,16351.0058535
1314000,16811.2357997
1315000,19421.0584134
1316000,20750.2115851
1317000,20668.0768634
1318000,21683.5507031
1319000,23241.4444273
1320000,25624.7806701
