1000,5607.80713975
2000,6025.4274731
3000,6008.2103496
4000,6421.40751625
5000,6618.5249641
6000,6713.03754181
7000,6655.52801243
8000,6668.49024634
9000,6641.68355501
10000,6484.9975008
11000,6362.01418834
12000,6312.27238729
13000,6175.13908115
14000,5825.69166612
15000,5983.79606059
16000,5911.08730205
17000,5792.60243407
18000,6032.68851052
19000,6284.57337457
20000,6412.21677517
21000,6450.05826274
22000,6344.37967995
23000,6203.34173791
24000,5979.28660857
25000,5151.71357095
26000,4555.14162965
27000,4084.0805686
28000,3383.61879168
29000,2580.1710305
30000,2002.80411469
31000,1569.45495479
32000,1113.96073633
33000,822.273625353
34000,652.13094184
35000,601.363496559
36000,570.211848479
37000,544.970827682
38000,344.182018807
39000,266.516584709
40000,220.980003039
41000,190.24321207
42000,167.6149731
43000,150.170098099
44000,137.150010553
45000,125.627625612
46000,115.967372345
47000,107.747566818
48000,104.098009176
49000,468.17429554
50000,1521.05415411
51000,2463.68146141
52000,3207.55166543
53000,3897.92718691
54000,4922.0843213
55000,5435.08850989
56000,5718.56717445
57000,5930.88256731
58000,6104.70409579
59000,5940.36617537
60000,5352.9540596
61000,5398.86242192
62000,5482.34044169
63000,5602.13124999
64000,5049.80506526
65000,5552.68790144
66000,6280.654156
67000,7085.22907321
68000,7530.73329585
69000,7726.09588989
70000,8267.17048529
71000,8270.4479398
72000,8401.48397996
73000,8537.16093062
74000,9085.34854349
75000,9105.83039302
76000,9019.34059435
77000,9038.88451847
78000,8805.25637565
79000,9426.72341182
80000,9192.27325291
81000,9140.6847975
82000,9216.86801893
83000,9309.48311644
84000,9212.01138248
85000,9202.98745221
86000,9296.21711006
87000,9256.03582102
88000,9794.36127772
89000,9699.45646659
90000,9589.99538143
91000,8897.5747087
92000,8009.09731095
93000,7065.04532378
94000,6334.68656655
95000,6157.31293503
96000,5927.04731137
97000,5876.56506193
98000,5909.83904062
99000,5570.87223424
100000,5931.31470495
101000,6716.10178871
102000,7406.12569272
103000,8252.78533749
104000,8840.02105879
105000,8819.65823261
106000,8869.95099269
107000,8515.31408151
108000,8048.44668133
109000,8266.909163
110000,8273.9417978
111000,7728.5369771
112000,7901.21713096
113000,7924.77828178
114000,8187.14298682
115000,8394.50419823
116000,8208.48862033
117000,8627.10634342
118000,8890.8731335
119000,8714.87694601
120000,8421.65084023
121000,8701.24960699
122000,8299.09105482
123000,7905.83466631
124000,7821.46821098
125000,7504.60262389
126000,7539.39721484
127000,7411.5584698
128000,7555.23057867
129000,7697.09692077
130000,7993.55827917
131000,8271.51923048
132000,8657.6017163
133000,9072.43503371
134000,9046.57208829
135000,9077.19417165
136000,9257.90936423
137000,9268.04518057
138000,9225.56558648
139000,8825.38439451
140000,7915.08278002
141000,6946.07527223
142000,6337.75242553
143000,6314.42286951
144000,6227.8237881
145000,6255.28389314
146000,6452.07245264
147000,6586.07985159
148000,6776.51586922
149000,7275.53579088
150000,8024.33557358
151000,8802.053754
152000,9443.81204817
153000,9451.98786206
154000,9481.80900225
155000,9475.927099
156000,9131.09305648
157000,9053.01416535
158000,8997.08724013
159000,9069.73610618
160000,9172.44177849
161000,9164.96212441
162000,9009.83016715
163000,9025.4025927
164000,9134.17732116
165000,9407.42051203
166000,9594.55018224
167000,9590.93254992
168000,9470.78617664
169000,9470.23716955
170000,9326.74023246
171000,9227.20941586
172000,9278.04660758
173000,9216.18909819
174000,9184.51811191
175000,9087.45997275
176000,9094.74899712
177000,8940.48241281
178000,8772.2131476
179000,8773.08696564
180000,8637.57916088
181000,8475.60653285
182000,7915.60425943
183000,7967.65279734
184000,7992.66687276
185000,8010.55715119
186000,7901.09100389
187000,8066.93054849
188000,8373.87000365
189000,8270.70293737
190000,8125.25689314
191000,7960.01146295
192000,8181.0151011
193000,8216.47388994
194000,8305.95573131
195000,8301.08186835
196000,8355.72005173
197000,8408.26514417
198000,8389.97148293
199000,8575.02271564
200000,8813.77342366
201000,9341.74346011
202000,9656.11822564
203000,9613.98385765
204000,9588.86749056
205000,9558.73577616
206000,9650.55957921
207000,9283.8514584
208000,8572.2205743
209000,7937.39425551
210000,8173.20575783
211000,8271.23561936
212000,8350.92003312
213000,8364.95614727
214000,8278.28198058
215000,7845.22116538
216000,7850.60446995
217000,8254.29850233
218000,8929.46844478
219000,9331.76872792
220000,8555.64533853
221000,7777.29751272
222000,7298.00560488
223000,7311.53478566
224000,7371.42214983
225000,7743.30098193
226000,7749.81310546
227000,7541.0005361
228000,7215.55260872
229000,7142.8159799
230000,7644.12201734
231000,8226.1130988
232000,8321.42808102
233000,7753.38381012
234000,7087.96809584
235000,6579.71564278
236000,6546.89664686
237000,6403.63298507
238000,6427.24334149
239000,6122.58912996
240000,5762.99464182
241000,5777.24391459
242000,5936.0710394
243000,6492.0431512
244000,7098.00341217
245000,7433.17322012
246000,7216.60443096
247000,7233.80347778
248000,7257.78067131
249000,7402.98664224
250000,8025.26701725
251000,8142.71100959
252000,8366.60285989
253000,8361.53507567
254000,8325.83811928
255000,8342.01476621
256000,8193.79270334
257000,7940.04443452
258000,7699.43606449
259000,7853.70791179
260000,7532.19209665
261000,7469.41069185
262000,7420.1334437
263000,7198.09960599
264000,6535.68320539
265000,6717.56728926
266000,7028.01010964
267000,7497.95599554
268000,8081.75129722
269000,8246.07938255
270000,8403.87430799
271000,8433.76454606
272000,8327.53117033
273000,8329.98855062
274000,8968.96015089
275000,8936.38976166
276000,8806.19984265
277000,8566.90121007
278000,8349.80682492
279000,8377.36277374
280000,8245.70016669
281000,8135.65955403
282000,8238.09656958
283000,8417.68869307
284000,8362.76488201
285000,8524.6649469
286000,8834.77250903
287000,9140.65629532
288000,9334.24528464
289000,9394.57711882
290000,9032.4420739
291000,8333.62985915
292000,7614.05261438
293000,7648.82729607
294000,7503.08900853
295000,6999.20231052
296000,6365.33293125
297000,5721.0728811
298000,5030.56569007
299000,4509.01994553
300000,5128.8056104
301000,5784.61823134
302000,6376.7453427
303000,6281.5207191
304000,6535.23019896
305000,7046.45851155
306000,7621.58525273
307000,7968.47989143
308000,8639.4682982
309000,9183.70200433
310000,9143.89908229
311000,9371.97659011
312000,9573.11512639
313000,9736.31634873
314000,9688.03308548
315000,9267.10969353
316000,9228.96327068
317000,9362.55444784
318000,9122.84852208
319000,9113.40779349
320000,9091.08085579
321000,9036.06536001
322000,8979.81035595
323000,8942.36100574
324000,8935.10480427
325000,9349.03930223
326000,9323.26085812
327000,9373.35515493
328000,9467.73573504
329000,9419.82320261
330000,9261.86062758
331000,9009.45671201
332000,9012.8486744
333000,8929.90912932
334000,8802.89924522
335000,8280.27314985
336000,8272.97055857
337000,8214.97183305
338000,8272.6735823
339000,8380.4667955
340000,8614.02861482
341000,8512.19560535
342000,7870.71806804
343000,7825.86851503
344000,7785.87973503
345000,8280.32160087
346000,8335.36290352
347000,8095.38366018
348000,7586.13343881
349000,6757.16089373
350000,6039.9672787
351000,5712.78964312
352000,6279.18980455
353000,6162.85023455
354000,6245.47914023
355000,6035.06948722
356000,5933.49936669
357000,6106.8966368
358000,6502.91035494
359000,7137.60174923
360000,7741.37280063
361000,8419.57530468
362000,8562.65867614
363000,8773.6990393
364000,8738.21988929
365000,8859.82459912
366000,8854.49206699
367000,8822.35460016
368000,8604.15640478
369000,8213.94262758
370000,7750.56629159
371000,7626.41681698
372000,7534.04460802
373000,7334.49998808
374000,7392.66141225
375000,7446.48715954
376000,7613.24978184
377000,7718.14827702
378000,8019.62233328
379000,8245.05120595
380000,8793.9803218
381000,8825.03367415
382000,8916.74413552
383000,8968.53994996
384000,9125.85989598
385000,8969.93824438
386000,8831.82764967
387000,9022.14722652
388000,9035.0165904
389000,9306.51253482
390000,8556.75155732
391000,8653.09280106
392000,8545.71224791
393000,8648.0160417
394000,8645.07944375
395000,8834.6185476
396000,8764.71410094
397000,8588.46541305
398000,8558.86747761
399000,8593.94931481
400000,9353.84452377
401000,9328.02342071
402000,9409.47120415
403000,9513.55447491
404000,9484.05096559
405000,9287.38942381
406000,9179.36184397
407000,9239.67583768
408000,9319.45904688
409000,9344.89545736
410000,9202.55737624
411000,9234.24760504
412000,9143.65060938
413000,8938.05380248
414000,8848.13780571
415000,8767.5437371
416000,8817.36248503
417000,8758.4856138
418000,8622.10589405
419000,8085.56577177
420000,8152.61150209
421000,7724.69534394
422000,7770.59209137
423000,7732.69868878
424000,7587.37761858
425000,7466.51105812
426000,7114.88603894
427000,7080.73557727
428000,6492.81411253
429000,6115.72325093
430000,5294.26968332
431000,4793.14921071
432000,3891.14856802
433000,3576.87123554
434000,3862.51066599
435000,3983.29972234
436000,4054.93341612
437000,3756.9072753
438000,4528.9210971
439000,5481.41561871
440000,6397.99140576
441000,6579.45751028
442000,6907.90913466
443000,7329.77834503
444000,6941.84713146
445000,6860.67399395
446000,7117.21915787
447000,7629.44530519
448000,7629.80705866
449000,7600.7474987
450000,7633.27779282
451000,8307.23890247
452000,8917.38472311
453000,8947.13998849
454000,9138.29512908
455000,9470.94964604
456000,8933.08962423
457000,8847.49078339
458000,8313.27600187
459000,8275.93180717
460000,8077.35489837
461000,7881.36665905
462000,7796.36566185
463000,7621.38425281
464000,7700.48012373
465000,7438.35134743
466000,8048.40664452
467000,7275.63637639
468000,7205.81502694
469000,6451.05416569
470000,5804.78775545
471000,5656.95368326
472000,5642.93233892
473000,5743.99768021
474000,5776.84949935
475000,5953.85697136
476000,5900.64802808
477000,6693.63853874
478000,7203.81353346
479000,7713.04112922
480000,8308.98592549
481000,8618.76662221
482000,8663.03928746
483000,8815.00246233
484000,8727.72130414
485000,8727.11542492
486000,8981.13464258
487000,8690.23243478
488000,8832.92221154
489000,8829.18871386
490000,8460.5864601
491000,8204.17594374
492000,7677.02159543
493000,6935.05243119
494000,6299.14196016
495000,5610.48497049
496000,5376.09941785
497000,5258.98534222
498000,4829.16432238
499000,4200.31507498
500000,3852.67952751
501000,3280.89632038
502000,2910.16082431
503000,2669.91930294
504000,2487.91104013
505000,2306.46164767
506000,1528.50032626
507000,1008.78218797
508000,1039.16950733
509000,1487.92354551
510000,2287.75052614
511000,2846.11769133
512000,3219.00820222
513000,3498.61625045
514000,3978.97819601
515000,4838.6819802
516000,5712.72085642
517000,6429.55825219
518000,6410.2255269
519000,6371.57463629
520000,5948.33335672
521000,5730.21064545
522000,6243.52933968
523000,6833.14867262
524000,7138.18366539
525000,7090.4545124
526000,6813.52405777
527000,6572.9073153
528000,6975.3263597
529000,7319.01166726
530000,7907.01779812
531000,8548.43644045
532000,8624.2298449
533000,8527.32228704
534000,8216.39620293
535000,7823.70415853
536000,7649.09388729
537000,7610.01421321
538000,6960.19945901
539000,6438.68535004
540000,6378.03404002
541000,6127.5468001
542000,5353.22068938
543000,4656.44424683
544000,5111.00638303
545000,5196.85306874
546000,5556.45086427
547000,5895.22619048
548000,6408.30660172
549000,6717.93988148
550000,6221.41648268
551000,6079.59945811
552000,6246.40424128
553000,6256.55754319
554000,5353.04134985
555000,4883.68985563
556000,4119.60332712
557000,3340.98731046
558000,2493.42235658
559000,1872.82964306
560000,2340.56379821
561000,2507.06384175
562000,2784.53159385
563000,3268.34090757
564000,3992.37105114
565000,4165.34653707
566000,4242.09462087
567000,4638.15526185
568000,5520.31989512
569000,6252.18041946
570000,5578.02800939
571000,5226.68573243
572000,5522.85182648
573000,5813.09394878
574000,5964.28011648
575000,6696.11536379
576000,7517.92946929
577000,8035.1111339
578000,8158.16197539
579000,8395.23082344
580000,9125.32989877
581000,9256.92701363
582000,8892.20632577
583000,8453.74737658
584000,7912.41086695
585000,7509.32305982
586000,7447.70812621
587000,7457.31104767
588000,7357.44477317
589000,7167.59002822
590000,6662.44458981
591000,6477.00299106
592000,6757.45333264
593000,7293.99533609
594000,7897.16051735
595000,8152.04996452
596000,7588.57123117
597000,6811.69195994
598000,6002.05948756
599000,5428.79726587
600000,5949.63998189
601000,6593.31559748
602000,6683.37414554
603000,6754.35655916
604000,6794.4192571
605000,6879.77112631
606000,7234.77436659
607000,7575.12011041
608000,7898.65421633
609000,8403.39230083
610000,8192.60235825
611000,8039.3103611
612000,8065.30328845
613000,7950.59852138
614000,7938.79049594
615000,8039.31276223
616000,8361.56691375
617000,8734.22056706
618000,9253.5155264
619000,9418.33101223
620000,9630.85766713
621000,9468.19587973
622000,9404.30417672
623000,9235.02088497
624000,8686.1539073
625000,8023.72079428
626000,7283.42101294
627000,6843.42627009
628000,6818.68055559
629000,6901.27703378
630000,6875.98476281
631000,7129.60864958
632000,7207.28499898
633000,7320.24696683
634000,7784.3626609
635000,8412.76356931
636000,9039.3671471
637000,9328.07744697
638000,8999.18880428
639000,8418.61716452
640000,7546.25341756
641000,6633.61397003
642000,5673.56424395
643000,4822.02735337
644000,3919.85652168
645000,2983.55124201
646000,2144.02252798
647000,1641.01382993
648000,2033.15933288
649000,2625.93231524
650000,2987.3470548
651000,3257.61663246
652000,3896.94149449
653000,4513.58185254
654000,5264.77783469
655000,6082.49127832
656000,6847.25300725
657000,7467.17475387
658000,7280.91990548
659000,6984.91742616
660000,7047.29381918
661000,7152.07222384
662000,7139.65000812
663000,7312.96451039
664000,7579.74160538
665000,7712.82798049
666000,7783.52934751
667000,7803.58596202
668000,7938.88335217
669000,7846.393729
670000,7486.06921185
671000,7187.01646921
672000,6592.8987923
673000,5827.12553314
674000,4865.81977985
675000,4892.70206118
676000,4877.72542838
677000,4714.62090672
678000,4760.12501081
679000,5097.06776653
680000,5749.50603044
681000,6336.14285956
682000,6803.66690104
683000,7299.87982169
684000,8141.67565407
685000,7970.52283601
686000,7703.82769964
687000,7697.30403509
688000,7702.87725637
689000,7599.43156481
690000,7557.62818509
691000,7798.13727856
692000,7913.31511246
693000,7508.98323401
694000,6657.86966434
695000,5872.9059519
696000,5322.6062641
697000,4643.22856698
698000,3663.3576579
699000,2832.86955137
700000,2057.5549542
701000,1102.29917494
702000,454.066736157
703000,314.845287304
704000,250.313839279
705000,210.352400973
706000,182.467874444
707000,161.64802197
708000,145.295157716
709000,132.142431695
710000,487.621413317
711000,1504.00493111
712000,2295.89073209
713000,2944.60560548
714000,3718.61447711
715000,4557.2043616
716000,5465.65791794
717000,6174.04994571
718000,6709.23257839
719000,7105.37541523
720000,7202.52341487
721000,7078.40203944
722000,7285.7954153
723000,7655.9556075
724000,7728.07232052
725000,7444.70744723
726000,6946.95724042
727000,6544.53626756
728000,6248.85497759
729000,6130.98173637
730000,6616.32843488
731000,6153.90434345
732000,5409.87498232
733000,4570.00196225
734000,3859.88286672
735000,3580.20994373
736000,4225.27293566
737000,4921.38097224
738000,5693.99985064
739000,6233.85444267
740000,6001.92983309
741000,6191.67065697
742000,6803.83075612
743000,7381.09981389
744000,8093.9419825
745000,8361.25195271
746000,8151.45581567
747000,7487.39663305
748000,6609.3484188
749000,5875.37022239
750000,5216.63623275
751000,4636.62119135
752000,3797.77409465
753000,3064.65243502
754000,2236.16171985
755000,2159.02741036
756000,1927.29249566
757000,2474.89055787
758000,3349.27853046
759000,4179.1238107
760000,5094.72614313
761000,5952.8457448
762000,6644.44981097
763000,6836.3944219
764000,6961.30437353
765000,7440.52696559
766000,7731.55889267
767000,7681.25514081
768000,7232.79312496
769000,6495.10905912
770000,5617.29334745
771000,4801.1119512
772000,4127.55912218
773000,3948.48136012
774000,3842.7358922
775000,3147.20536036
776000,2480.15256854
777000,2633.57072331
778000,3033.74795516
779000,3862.81159545
780000,4705.77187108
781000,5508.10238759
782000,6329.58351423
783000,7255.90418098
784000,8128.27361037
785000,8638.10540429
786000,9427.86572034
787000,9470.04419033
788000,9482.32852371
789000,9387.80939002
790000,9452.60677899
791000,9495.47474068
792000,9409.66606447
793000,9391.37401758
794000,9494.06181117
795000,9637.75045955
796000,9654.15578453
797000,9539.09609641
798000,9464.59436085
799000,9507.11015655
800000,8869.83437327
801000,8299.10354436
802000,8353.69143389
803000,7922.4600558
804000,7843.59698743
805000,7941.76223532
806000,7850.43756666
807000,7418.40575179
808000,7515.58339223
809000,7465.8532121
810000,8136.04310414
811000,8659.23139695
812000,8348.08667322
813000,8530.18487773
814000,8531.58499397
815000,8477.73330381
816000,8191.38646955
817000,8289.20409634
818000,8108.41897972
819000,8203.37255296
820000,8103.71760732
821000,8052.32317193
822000,8541.83370839
823000,8858.0624216
824000,8898.14334982
825000,8768.95826906
826000,8352.00785441
827000,8422.44141599
828000,8662.45504153
829000,8587.41606573
830000,8638.92834411
831000,8655.90250651
832000,7838.20674259
833000,7620.80340448
834000,7590.0761377
835000,7085.53923458
836000,6991.70445457
837000,6449.58163856
838000,6229.32892053
839000,6125.32404834
840000,6147.99038119
841000,6312.94627303
842000,7106.81004769
843000,7233.17868131
844000,7265.76972587
845000,7892.99139446
846000,8531.13759198
847000,9146.93821017
848000,9050.14905874
849000,9158.62552177
850000,8822.09608529
851000,8815.18585134
852000,8505.69855456
853000,8529.15033916
854000,8139.80707876
855000,8219.9221718
856000,8457.66166962
857000,8471.69654593
858000,8593.72344133
859000,8649.88859052
860000,8978.88820302
861000,8729.20730822
862000,8501.9310841
863000,7846.42334571
864000,7909.29270576
865000,7794.8755813
866000,7635.94132108
867000,7673.33099692
868000,7673.55878611
869000,7367.98014618
870000,7287.83409627
871000,7446.85702254
872000,7999.56838395
873000,7921.31387932
874000,8190.40023602
875000,7537.08405179
876000,6832.6827975
877000,6535.8442502
878000,6656.87031699
879000,6430.26798115
880000,5870.8844892
881000,5765.75455612
882000,5640.50123974
883000,6160.64494806
884000,5935.70827632
885000,6708.58975738
886000,7530.0493204
887000,8050.53105861
888000,8001.3411893
889000,7570.67610755
890000,8002.91616955
891000,8092.34642708
892000,8089.34017346
893000,8404.60798573
894000,8336.81950927
895000,8064.43187533
896000,8008.61403835
897000,7720.86285586
898000,7215.43194075
899000,7444.44889437
900000,7635.36665782
901000,7650.38819135
902000,7238.67730116
903000,7162.65557843
904000,7436.33784658
905000,7517.9774374
906000,7382.81187209
907000,7250.70405703
908000,7450.48383666
909000,8098.34739349
910000,7849.93718562
911000,7783.14240075
912000,8287.16096912
913000,8275.7682305
914000,8354.58075093
915000,8513.49452495
916000,8722.61729531
917000,9089.37662596
918000,9126.41715698
919000,9244.59765578
920000,9510.20141272
921000,9656.10359416
922000,9564.15816096
923000,9196.99056307
924000,8985.1930988
925000,8997.16411887
926000,8961.31008908
927000,8930.34503921
928000,9213.78735345
929000,8902.47116351
930000,8892.38958127
931000,8825.18115994
932000,8869.07701598
933000,9188.13654584
934000,9445.4276486
935000,9459.04735359
936000,9350.62171733
937000,9433.55973453
938000,9233.68809789
939000,8697.87831338
940000,8257.73197418
941000,7464.52317975
942000,7335.07891769
943000,6650.5327375
944000,6597.78207955
945000,6296.31151328
946000,6155.1506246
947000,6159.46177707
948000,6222.7182818
949000,7030.30947135
950000,7241.41266714
951000,7962.14365051
952000,8168.488984
953000,8362.97168519
954000,7937.15749331
955000,8217.1200125
956000,8337.18634522
957000,8353.16359038
958000,8468.65104338
959000,8430.54176717
960000,8238.49979247
961000,8272.3453496
962000,7763.02905572
963000,8147.73352891
964000,8528.67246013
965000,8204.09447112
966000,8305.35621928
967000,8036.60079311
968000,8031.81921053
969000,7737.12804704
970000,8116.53237037
971000,8099.36936347
972000,8357.64832289
973000,8555.69876258
974000,8609.2509415
975000,8782.01190064
976000,8841.3320028
977000,9084.5570123
978000,9006.56867457
979000,9352.83198786
980000,9393.57640429
981000,9379.76728691
982000,8851.14845346
983000,8689.93086766
984000,8447.85583499
985000,8329.17317207
986000,8206.4913387
987000,7976.96193816
988000,8164.76821235
989000,8178.89083645
990000,7645.14731239
991000,7344.22091611
992000,7305.21531884
993000,7442.86196362
994000,7712.84910393
995000,7884.15469001
996000,7864.22330592
997000,7934.25967878
998000,7236.43492173
999000,7083.5648674
1000000,7552.28437418
1001000,7445.54649818
1002000,7848.93943363
1003000,7495.22536106
1004000,7287.16977166
1005000,7309.03931689
1006000,7471.00168083
1007000,7673.02947212
1008000,8318.41106573
1009000,8421.34888952
1010000,8330.72045175
1011000,8797.73692224
1012000,9226.20862838
1013000,9491.28501337
1014000,9682.78626688
1015000,9717.88477111
1016000,9456.38797486
1017000,8610.39663312
1018000,7729.54428561
1019000,7117.94501455
1020000,7085.5422454
1021000,7169.96455526
1022000,6969.83489429
1023000,6990.62889631
1024000,6611.01291886
1025000,6392.52647216
1026000,6364.36731308
1027000,7052.6818953
1028000,7910.34463676
1029000,8106.64277422
1030000,8271.55956522
1031000,8114.49338
1032000,8267.44647842
1033000,7778.38679544
1034000,7351.70879038
1035000,7175.61367011
1036000,7421.43021919
1037000,7546.37701919
1038000,7546.00581472
1039000,8031.98141928
1040000,8085.3592855
1041000,7895.92672991
1042000,7696.15040913
1043000,8261.87179785
1044000,9003.93889739
1045000,9322.26241257
1046000,9025.11303393
1047000,8377.30960317
1048000,7621.54887185
1049000,7496.88386986
1050000,7191.82262293
1051000,7024.82401217
1052000,6531.63464797
1053000,6217.38334925
1054000,6207.59370177
1055000,6326.49912747
1056000,6573.25311665
1057000,6712.51034399
1058000,7355.56161542
1059000,7431.75928449
1060000,7624.67371928
1061000,7939.6661805
1062000,8405.04724906
1063000,8286.712699
1064000,8133.35324621
1065000,8074.30296772
1066000,7832.5952352
1067000,7626.69357172
1068000,7543.77375254
1069000,7381.91992439
1070000,7112.74006762
1071000,7368.22347666
1072000,7623.34580304
1073000,8025.46852433
1074000,8246.25900425
1075000,8087.83856068
1076000,8221.80442667
1077000,8668.35584895
1078000,8493.50556516
1079000,8466.29272356
1080000,8746.80278573
1081000,7890.43398318
1082000,7851.23477411
1083000,7786.28366322
1084000,7533.14775893
1085000,6925.92359374
1086000,6189.24496347
1087000,5508.41077375
1088000,4963.59826833
1089000,4206.07434833
1090000,3307.79120673
1091000,3120.83422036
1092000,2179.04816668
1093000,2151.0276978
1094000,1964.92452746
1095000,2726.54321291
1096000,3648.87083481
1097000,4523.94365759
1098000,5312.4728444
1099000,5976.24797905
1100000,6542.45396598
1101000,7101.53235827
1102000,8096.69307113
1103000,8097.58106566
1104000,8360.14745253
1105000,8428.54142598
1106000,8160.54534336
1107000,8053.07677901
1108000,7538.0138585
1109000,7879.98275252
1110000,8290.97218521
1111000,8712.07839328
1112000,8560.66699709
1113000,8366.55744596
1114000,8022.87853687
1115000,7949.61679668
1116000,8196.58820763
1117000,8153.05592778
1118000,8528.40342876
1119000,8079.88749472
1120000,7834.90728552
1121000,7797.79772004
1122000,7923.99881001
1123000,8277.4542539
1124000,8479.63730389
1125000,7878.18029388
1126000,7721.1581061
1127000,7895.962429
1128000,8164.95889988
1129000,8277.87844427
1130000,8067.50776695
1131000,7847.70978293
1132000,7884.09441365
1133000,7879.79281888
1134000,8079.34386738
1135000,8662.89866044
1136000,8557.04442322
1137000,8206.2832752
1138000,7765.21684878
1139000,7507.1808595
1140000,7969.54810936
1141000,8256.02902255
1142000,8221.18009273
1143000,8167.27099653
1144000,8228.6977647
1145000,8289.17513609
1146000,8490.01601285
1147000,8909.46438247
1148000,8989.24154184
1149000,8715.84815345
1150000,8070.59177334
1151000,7950.76921957
1152000,7720.79864731
1153000,7396.908216
1154000,7025.86599845
1155000,6357.23247676
1156000,6052.09130128
1157000,6001.84981558
1158000,6145.27496682
1159000,6956.26074242
1160000,7495.5025571
1161000,7349.91541281
1162000,7265.43628411
1163000,7507.5865108
1164000,7972.1544891
1165000,8663.88063172
1166000,8991.88782676
1167000,9011.12008831
1168000,9307.47266604
1169000,9217.29283312
1170000,9000.34038772
1171000,8402.58174387
1172000,8755.95585112
1173000,8889.35824716
1174000,8822.91137625
1175000,8764.88073863
1176000,8792.65535887
1177000,8040.56350737
1178000,7207.69109369
1179000,7302.09138455
1180000,7616.73309885
1181000,8378.49961407
1182000,8335.79032938
1183000,8143.52600569
1184000,7899.35308274
1185000,7623.59171826
1186000,7174.12858222
1187000,7874.41317799
1188000,8649.49830356
1189000,8663.71574063
1190000,7951.90401784
1191000,7120.68787361
1192000,6189.8092933
1193000,5447.16180877
1194000,5004.99172406
1195000,5289.64715116
1196000,5762.53256333
1197000,5690.9102156
1198000,5651.18848218
1199000,5399.35687048
1200000,5857.21352232
1201000,6650.79953003
1202000,6959.20311432
1203000,6976.79412137
1204000,6962.06110715
1205000,6789.60146521
1206000,6310.37067469
1207000,5813.13818395
1208000,5007.25362117
1209000,4494.53811023
1210000,3936.25216445
1211000,3213.25996814
1212000,3012.25942321
1213000,3436.9942039
1214000,4087.43541996
1215000,4263.79062582
1216000,4629.53220316
1217000,5185.91454903
1218000,5831.1699914
1219000,6312.55236544
1220000,7090.94080612
1221000,7724.39526541
1222000,8564.71843254
1223000,8971.59488541
1224000,8872.54606927
1225000,8547.73005353
1226000,8352.52233239
1227000,8120.3992605
1228000,7602.05672653
1229000,7458.85343425
1230000,7421.08931048
1231000,7500.78033493
1232000,7410.90012258
1233000,7472.49199399
1234000,7684.67804312
1235000,8078.19621527
1236000,8392.48194217
1237000,8552.18970652
1238000,9285.924249
1239000,9752.41599842
1240000,9283.69189239
1241000,9205.11627908
1242000,9240.08673442
1243000,9085.89091414
1244000,9032.86392827
1245000,8899.56294389
1246000,8749.2555842
1247000,8876.34832175
1248000,8703.32859282
1249000,8620.59381492
1250000,8824.31733777
1251000,8986.60023869
1252000,8425.65538425
1253000,7694.80379456
1254000,6782.6066212
1255000,5973.40659258
1256000,5409.92490074
1257000,4607.34426613
1258000,4747.4270325
1259000,4579.05734837
1260000,4707.1067101
1261000,4609.80967232
1262000,5217.02686999
1263000,5964.55169742
1264000,6654.0441329
1265000,7591.31245649
1266000,8315.28076861
1267000,9094.92903527
1268000,9024.43230828
1269000,9138.08741108
1270000,9370.19567619
1271000,9397.96413515
1272000,9203.09702409
1273000,9099.20367157
1274000,9364.26752594
1275000,9243.86016748
1276000,9153.18753545
1277000,9085.82868592
1278000,9028.30006479
1279000,8831.5910178
1280000,8563.57878982
1281000,8504.87915246
1282000,8628.42516853
1283000,8759.55007768
1284000,8563.81724602
1285000,8597.11829465
1286000,8516.59000404
1287000,8317.73341366
1288000,7714.28155373
1289000,7556.5298015
1290000,7476.32454043
1291000,7656.19458409
1292000,7585.80967849
1293000,7716.70529424
1294000,7862.02808802
1295000,7940.91908688
1296000,7963.87531243
1297000,7819.86658744
1298000,8209.57662434
1299000,8654.06196066
1300000,8941.82001668
1301000,8890.94731623
1302000,8838.92382767
1303000,8688.42464953
1304000,8561.67192302
1305000,8575.83512879
1306000,8662.95869819
1307000,8998.79547064
1308000,8745.63160532
1309000,8277.81583124
1310000,8322.03777041
1311000,8275.09995595
1312000,7926.00568157
1313000,7994.62249017
1314000,8016.45410343
1315000,7878.54979688
1316000,7764.31473034
1317000,7720.43606513
1318000,8272.30474412
1319000,8649.93005638
1320000,8389.82353214
