1000,0.277166288
2000,0.254226428
3000,0.250654355667
4000,0.239428428
5000,0.233656991
6000,0.230541245333
7000,0.231102094571
8000,0.23000813675
9000,0.230404190333
10000,0.2347142236
11000,0.2366071321
12000,0.2366981065
13000,0.2406117412
14000,0.2505405122
15000,0.2469389063
16000,0.2473558249
17000,0.2499532788
18000,0.2449245016
19000,0.2390661792
20000,0.23395879
21000,0.231919014
22000,0.2356136359
23000,0.2452652245
24000,0.2732814207
25000,0.4029933095
26000,0.5903697922
27000,0.8110988893
28000,0.8457362677
29000,0.9434634843
30000,1.099895712
31000,1.3144256918
32000,1.5925583783
33000,1.9236192137
34000,2.3161348905
35000,2.663266833
36000,3.0112257554
37000,3.3850667527
38000,4.0164056424
39000,4.6477995138
40000,5.2946688263
41000,5.9237338988
42000,6.5534880769
43000,7.1827578783
44000,7.7972242673
45000,8.4269386595
46000,9.0562520789
47000,9.6849489683
48000,9.9076606268
49000,9.1928754229
50000,8.3820642866
51000,7.5268154484
52000,6.6107070284
53000,5.6323031307
54000,4.5818518676
55000,3.4824246139
56000,2.3356258617
57000,1.1371565859
58000,0.2909177179
59000,0.3114132521
60000,0.3236255934
61000,0.3231752528
62000,0.3219059564
63000,0.3197344912
64000,0.3309523661
65000,0.321583964
66000,0.2979855696
67000,0.2624100624
68000,0.2241440758
69000,0.2017453603
70000,0.1900734326
71000,0.1914912723
72000,0.1899357908
73000,0.1881950572
74000,0.1770858683
75000,0.177034578
76000,0.1771642523
77000,0.1769179466
78000,0.1862289434
79000,0.1714508438
80000,0.1745148916
81000,0.1734640124
82000,0.1726225005
83000,0.1716921415
84000,0.1728969348
85000,0.1729659754
86000,0.1926858321
87000,0.1929533116
88000,0.178605814
89000,0.181558744
90000,0.1834992782
91000,0.2117348976
92000,0.2659907102
93000,0.3522580096
94000,0.3909952855
95000,0.3928933975
96000,0.3749570263
97000,0.3757234237
98000,0.3751718836
99000,0.3793562178
100000,0.3742240794
101000,0.345248512
102000,0.2934392312
103000,0.2082857877
104000,0.1714305739
105000,0.1717641293
106000,0.1710494173
107000,0.1791496603
108000,0.1888352003
109000,0.1843442087
110000,0.1843309972
111000,0.1948465998
112000,0.1927058638
113000,0.1924018058
114000,0.1890995686
115000,0.1866551326
116000,0.1897963945
117000,0.1811222132
118000,0.1764369978
119000,0.1827581799
120000,0.1878037651
121000,0.1808938966
122000,0.1873593511
123000,0.194699858
124000,0.1957061112
125000,0.1999618168
126000,0.1994766729
127000,0.2008065367
128000,0.1965166997
129000,0.1906832967
130000,0.1856846554
131000,0.1831492796
132000,0.1766566581
133000,0.1690335004
134000,0.1691154795
135000,0.1955869926
136000,0.192439745
137000,0.1921935703
138000,0.1926487184
139000,0.2061277763
140000,0.2703912516
141000,0.3744862168
142000,0.3898052032
143000,0.389907513
144000,0.3911149627
145000,0.3637678631
146000,0.3618027058
147000,0.3601083956
148000,0.3580820492
149000,0.3431651923
150000,0.2804627318
151000,0.1773347756
152000,0.1617785856
153000,0.1618779671
154000,0.1614275113
155000,0.1613979235
156000,0.1656866066
157000,0.1667359149
158000,0.1671697139
159000,0.1661349241
160000,0.1651785825
161000,0.1653150148
162000,0.1672582054
163000,0.1670242345
164000,0.165674298
165000,0.1623353531
166000,0.1599569067
167000,0.1600252937
168000,0.1614977305
169000,0.1633789246
170000,0.1649159808
171000,0.1662987412
172000,0.1655580717
173000,0.1662644218
174000,0.1667162181
175000,0.1675853053
176000,0.1671443395
177000,0.1692081907
178000,0.1718654339
179000,0.1701301619
180000,0.1723893681
181000,0.1760216354
182000,0.1922241664
183000,0.1914870929
184000,0.1912026041
185000,0.1910715159
186000,0.1925872468
187000,0.1903958273
188000,0.1863167179
189000,0.1876170279
190000,0.1913323817
191000,0.1977691443
192000,0.1875292718
193000,0.1873075925
194000,0.1863392724
195000,0.1862518793
196000,0.1852859166
197000,0.1853176944
198000,0.1852602575
199000,0.1832819015
200000,0.1778814634
201000,0.1650031315
202000,0.1591750379
203000,0.1595122327
204000,0.1597704578
205000,0.160149534
206000,0.1590628427
207000,0.1639959124
208000,0.1886322754
209000,0.2040180828
210000,0.2011781068
211000,0.2001820523
212000,0.1995285227
213000,0.1994316849
214000,0.2001891346
215000,0.2094974652
216000,0.2094656946
217000,0.2036901631
218000,0.1793250803
219000,0.1665719781
220000,0.1953254323
221000,0.2218589993
222000,0.2311925512
223000,0.2310869248
224000,0.2306346565
225000,0.2220668482
226000,0.2220113571
227000,0.2241455862
228000,0.2525925159
229000,0.2537225942
230000,0.2284734421
231000,0.204155316
232000,0.2010934338
233000,0.2139439464
234000,0.2321332402
235000,0.2477880245
236000,0.2482643648
237000,0.2517045249
238000,0.2281875229
239000,0.2382243213
240000,0.2501606973
241000,0.2500089138
242000,0.2466061945
243000,0.2339116267
244000,0.216377554
245000,0.2035671772
246000,0.2584396876
247000,0.257344299
248000,0.2567599246
249000,0.2505196932
250000,0.2352484745
251000,0.2339610744
252000,0.2308120768
253000,0.2308230878
254000,0.2311676308
255000,0.2308223021
256000,0.1826437936
257000,0.1901249848
258000,0.1978997176
259000,0.1942441322
260000,0.1985788423
261000,0.1992059007
262000,0.1998837351
263000,0.2028424585
264000,0.2297789538
265000,0.2269372209
266000,0.222227557
267000,0.2115714698
268000,0.1991751225
269000,0.1968660842
270000,0.1946211609
271000,0.1942605185
272000,0.1956415652
273000,0.1956089028
274000,0.1690038691
275000,0.1695316419
276000,0.1700848429
277000,0.1737585808
278000,0.1763404626
279000,0.1760037625
280000,0.1790114961
281000,0.1807203271
282000,0.1793830688
283000,0.1770798734
284000,0.1779561353
285000,0.1762589032
286000,0.1725060124
287000,0.1676826007
288000,0.1649908415
289000,0.1648519007
290000,0.1771152202
291000,0.2315531381
292000,0.2675444575
293000,0.2669141264
294000,0.2690799446
295000,0.2780799229
296000,0.2917369107
297000,0.3099750842
298000,0.3318061897
299000,0.3428125553
300000,0.3256485296
301000,0.2713736552
302000,0.2369038226
303000,0.237891948
304000,0.2341765346
305000,0.2249357621
306000,0.2116981262
307000,0.1978915327
308000,0.1763710614
309000,0.1644106536
310000,0.1650122289
311000,0.1624585414
312000,0.1602049966
313000,0.1586329379
314000,0.1592403028
315000,0.1657943167
316000,0.1661493851
317000,0.1639350976
318000,0.1672264353
319000,0.1671826052
320000,0.1674098263
321000,0.1678767494
322000,0.1683760987
323000,0.1689218516
324000,0.1688718707
325000,0.1624911633
326000,0.1628256613
327000,0.1621540718
328000,0.1606594856
329000,0.1613449302
330000,0.1635250664
331000,0.1670582566
332000,0.1671622922
333000,0.167658293
334000,0.1699351205
335000,0.1795564433
336000,0.1795654996
337000,0.1803047666
338000,0.1795452884
339000,0.1784116498
340000,0.1754606766
341000,0.1777613657
342000,0.1991367482
343000,0.1998497895
344000,0.2004889922
345000,0.1910041521
346000,0.1903971943
347000,0.1952673466
348000,0.20973133
349000,0.245666923
350000,0.2709029775
351000,0.2884215455
352000,0.2677767872
353000,0.2693396519
354000,0.2676420526
355000,0.2702939651
356000,0.2714537579
357000,0.2676297236
358000,0.2548387809
359000,0.221023268
360000,0.1969180347
361000,0.1734862093
362000,0.171824508
363000,0.1693390522
364000,0.1698546587
365000,0.1681020933
366000,0.1679707398
367000,0.1685112188
368000,0.1732662394
369000,0.1831726078
370000,0.195600998
371000,0.1971200319
372000,0.1981457601
373000,0.2005192906
374000,0.1996913928
375000,0.1991378659
376000,0.1977111055
377000,0.1960781694
378000,0.1901224688
379000,0.1831036238
380000,0.1698210543
381000,0.1694894031
382000,0.1685625106
383000,0.1678398739
384000,0.1660287045
385000,0.1681618401
386000,0.1694852145
387000,0.1673760448
388000,0.1671216258
389000,0.1630440978
390000,0.1978498574
391000,0.1966957061
392000,0.1978669279
393000,0.1966806482
394000,0.1967189732
395000,0.1942602245
396000,0.1951960949
397000,0.1969362732
398000,0.1972663842
399000,0.1968726378
400000,0.1616888726
401000,0.2775259033
402000,0.2765901839
403000,0.2753690348
404000,0.2755464681
405000,0.2779199969
406000,0.2795936284
407000,0.2788801739
408000,0.2777997152
409000,0.277686957
410000,0.2798172288
411000,0.1639105212
412000,0.1649377566
413000,0.1672990599
414000,0.1684171233
415000,0.1699443569
416000,0.1690674014
417000,0.1698760416
418000,0.1717967176
419000,0.1824859719
420000,0.181617869
421000,0.1894824626
422000,0.1889694626
423000,0.1896049957
424000,0.191886235
425000,0.1945039813
426000,0.2049803225
427000,0.2052453619
428000,0.240726049
429000,0.3123353894
430000,0.4175262604
431000,0.577846143
432000,0.7719151549
433000,0.7800587671
434000,0.7761671209
435000,0.7733093086
436000,0.769985617
437000,0.777356226
438000,0.7392945552
439000,0.6564110809
440000,0.5499007921
441000,0.4136819244
442000,0.2354393471
443000,0.225574315
444000,0.2328610934
445000,0.2346518331
446000,0.2281011716
447000,0.2189454215
448000,0.2191907104
449000,0.2195507186
450000,0.2193676236
451000,0.188340623
452000,0.1721515595
453000,0.1720426133
454000,0.1672502841
455000,0.1620969899
456000,0.1950691235
457000,0.1953968323
458000,0.2075367293
459000,0.2078414992
460000,0.210033664
461000,0.2129476344
462000,0.2138432485
463000,0.2162774047
464000,0.2151925281
465000,0.2189558833
466000,0.184731846
467000,0.2326476874
468000,0.2369530123
469000,0.2687253496
470000,0.3095375833
471000,0.3133783016
472000,0.3136485318
473000,0.3120648417
474000,0.3116465538
475000,0.3088473862
476000,0.3097190985
477000,0.2616291559
478000,0.2463125056
479000,0.2179572096
480000,0.1780585245
481000,0.1716606027
482000,0.1710191964
483000,0.1693055784
484000,0.1704117184
485000,0.1705052218
486000,0.1673032257
487000,0.1717927323
488000,0.1701934356
489000,0.1702152502
490000,0.1813906913
491000,0.1862465161
492000,0.2002457177
493000,0.2272600528
494000,0.2634050998
495000,0.3011764583
496000,0.3039769904
497000,0.3068499873
498000,0.3138432968
499000,0.3863882476
500000,0.5054744055
501000,0.6921743536
502000,0.9548236119
503000,1.2384780592
504000,1.5694709966
505000,1.9636842582
506000,2.448486644
507000,2.6913478668
508000,2.690474452
509000,2.6221118534
510000,2.4913007013
511000,2.3047061349
512000,2.0417926511
513000,1.7534797729
514000,1.3940823224
515000,0.9618840287
516000,0.4758839411
517000,0.2285572202
518000,0.2290795099
519000,0.230392042
520000,0.2405344186
521000,0.2498203812
522000,0.2361836437
523000,0.2150173138
524000,0.2075433251
525000,0.2082985821
526000,0.2130277984
527000,0.2191397922
528000,0.2125688418
529000,0.2052183698
530000,0.1924880755
531000,0.1765530809
532000,0.1759479894
533000,0.177342797
534000,0.1851983818
535000,0.1961222623
536000,0.2026696144
537000,0.2043738588
538000,0.2221244152
539000,0.2391244996
540000,0.2397074987
541000,0.2428043342
542000,0.2776258351
543000,0.3595154647
544000,0.3499370917
545000,0.345985273
546000,0.3357452392
547000,0.3270437356
548000,0.3108070859
549000,0.2973254324
550000,0.3079751118
551000,0.3108390521
552000,0.2914912585
553000,0.2827117218
554000,0.4652227183
555000,0.6179773733
556000,0.868006734
557000,1.1362593139
558000,1.4722268778
559000,1.7222047063
560000,1.7119029203
561000,1.7086711833
562000,1.6979708635
563000,1.63077047
564000,1.4504624677
565000,1.3221090447
566000,1.1466391507
567000,0.8889674713
568000,0.5526218996
569000,0.3006246083
570000,0.3269568796
571000,0.3365322356
572000,0.3318946823
573000,0.3246764797
574000,0.3228234872
575000,0.2898657202
576000,0.213834786
577000,0.2015013099
578000,0.2001789787
579000,0.1968426998
580000,0.1699115099
581000,0.1649961258
582000,0.171414268
583000,0.1823913788
584000,0.1976429743
585000,0.2057356625
586000,0.20625236
587000,0.2060904798
588000,0.2072217072
589000,0.2097900368
590000,0.2200227591
591000,0.2278992024
592000,0.2225123988
593000,0.21056423
594000,0.1945949059
595000,0.1887495143
596000,0.2093329244
597000,0.2539428066
598000,0.3234923358
599000,0.3521547494
600000,0.3417772662
601000,0.3264091865
602000,0.3253897355
603000,0.3245305561
604000,0.3242894466
605000,0.3228922094
606000,0.3058769706
607000,0.2699256482
608000,0.2118966387
609000,0.1841803159
610000,0.1869390284
611000,0.1885506507
612000,0.1882720859
613000,0.1895038206
614000,0.1895208784
615000,0.1883633555
616000,0.1834971217
617000,0.1755566475
618000,0.1636307964
619000,0.1614676569
620000,0.1586265014
621000,0.1611427963
622000,0.1617868939
623000,0.1641056303
624000,0.1756203452
625000,0.1952594598
626000,0.2253881859
627000,0.2362314985
628000,0.2365890259
629000,0.2356080804
630000,0.2359809062
631000,0.2325129274
632000,0.2318111265
633000,0.2303852784
634000,0.2198244162
635000,0.2006895532
636000,0.1719693571
637000,0.1635422217
638000,0.169549546
639000,0.1834405079
640000,0.2561930382
641000,0.3916465993
642000,0.5880645443
643000,0.8437844289
644000,1.1633617866
645000,1.4810405353
646000,1.7505527738
647000,1.7785804043
648000,1.7717889644
649000,1.7575582786
650000,1.6953446749
651000,1.5790264812
652000,1.3872960183
653000,1.1355222585
654000,0.8179541917
655000,0.5019285563
656000,0.2332841708
657000,0.2033909828
658000,0.2057461539
659000,0.2102105146
660000,0.2080254889
661000,0.2012835048
662000,0.2014171897
663000,0.1979117924
664000,0.1944458505
665000,0.1926323744
666000,0.191577308
667000,0.1911216328
668000,0.1893111752
669000,0.1909484198
670000,0.2284387931
671000,0.2748753314
672000,0.3831387814
673000,0.5335034209
674000,0.6392684564
675000,0.6389723844
676000,0.6392467068
677000,0.6417553449
678000,0.6412872333
679000,0.6359019816
680000,0.5919296476
681000,0.5365830405
682000,0.4316622131
683000,0.287205744
684000,0.1827619916
685000,0.1849954319
686000,0.1904039577
687000,0.1912551802
688000,0.1913863219
689000,0.1927830178
690000,0.19338909
691000,0.1900769291
692000,0.1874184673
693000,0.234817235
694000,0.3530442209
695000,0.5330169517
696000,0.7717592943
697000,1.076738267
698000,1.4497316377
699000,1.8841450325
700000,2.3809703046
701000,2.9743918473
702000,3.5948140693
703000,4.2295611835
704000,4.8641364384
705000,5.499006944
706000,6.1341547848
707000,6.7689699957
708000,7.4108524677
709000,8.044666797
710000,7.5619346721
711000,6.9680803312
712000,6.3450170218
713000,5.6608395085
714000,4.9105840344
715000,4.0956298962
716000,3.215650161
717000,2.2752559007
718000,1.2686721707
719000,0.2133009327
720000,0.2078454783
721000,0.2089504111
722000,0.2059792194
723000,0.2004021347
724000,0.2001539465
725000,0.2062415122
726000,0.2195331678
727000,0.2376676431
728000,0.2599177964
729000,0.2703100177
730000,0.2594021474
731000,0.2706554751
732000,0.2976488626
733000,0.339181781
734000,0.3932949023
735000,0.4097774938
736000,0.3947302548
737000,0.3723329393
738000,0.3419342964
739000,0.319231407
740000,0.3232180893
741000,0.3170481686
742000,0.2912226397
743000,0.2523854753
744000,0.1968844625
745000,0.1804223386
746000,0.1827869747
747000,0.2016058395
748000,0.2607450401
749000,0.355262633
750000,0.4902126448
751000,0.6520897797
752000,0.8667392812
753000,1.1208659735
754000,1.4081324295
755000,1.4109864308
756000,1.4153486946
757000,1.3976906378
758000,1.338034273
759000,1.2416752057
760000,1.1026887653
761000,0.9355546679
762000,0.7232604495
763000,0.5000071326
764000,0.2643131097
765000,0.2535877883
766000,0.24843687
767000,0.2492236724
768000,0.2568017633
769000,0.3001213545
770000,0.3853478847
771000,0.4763798609
772000,0.6234601606
773000,0.7785505636
774000,0.90548711
775000,0.933301483
776000,0.9662372086
777000,0.9646254284
778000,0.9599593816
779000,0.9158863343
780000,0.8308944746
781000,0.7399623425
782000,0.5907069567
783000,0.4019700164
784000,0.2225944931
785000,0.1972797481
786000,0.163139414
787000,0.1626077131
788000,0.1600604442
789000,0.1610032838
790000,0.1604456752
791000,0.1606716817
792000,0.1618997042
793000,0.162285779
794000,0.1612974038
795000,0.1593861731
796000,0.1592466809
797000,0.1604362447
798000,0.1610790375
799000,0.1605652805
800000,0.1771603585
801000,0.1926980657
802000,0.1919701523
803000,0.2004754835
804000,0.2012622252
805000,0.2001649275
806000,0.2011028156
807000,0.2107263921
808000,0.2098856525
809000,0.2105345833
810000,0.1934995867
811000,0.1778434104
812000,0.1845932947
813000,0.1796997424
814000,0.1797223874
815000,0.1802258234
816000,0.1850252962
817000,0.1814612184
818000,0.1835384825
819000,0.1824647092
820000,0.1836179594
821000,0.1842392175
822000,0.1754048831
823000,0.1711436263
824000,0.1706931839
825000,0.1724318211
826000,0.1955162421
827000,0.1937227423
828000,0.1910526324
829000,0.191864856
830000,0.1911703973
831000,0.1909528306
832000,0.2286126436
833000,0.2310540088
834000,0.2311517587
835000,0.2498024995
836000,0.2713833805
837000,0.3394361305
838000,0.3419185398
839000,0.3432406711
840000,0.343002345
841000,0.3413314437
842000,0.3039138601
843000,0.3022474332
844000,0.302071014
845000,0.2817638749
846000,0.2342869923
847000,0.1646898545
848000,0.1661345735
849000,0.1648170292
850000,0.1695702275
851000,0.1699828182
852000,0.1744198062
853000,0.1742389406
854000,0.1809277401
855000,0.1802116527
856000,0.1773203445
857000,0.1774431148
858000,0.1758404808
859000,0.1751071195
860000,0.170491847
861000,0.1732350956
862000,0.1802315414
863000,0.2028284767
864000,0.2010125342
865000,0.2022299791
866000,0.2040707092
867000,0.2031373135
868000,0.2030060166
869000,0.2076313359
870000,0.2084760053
871000,0.2062000592
872000,0.1946525432
873000,0.2067876721
874000,0.2027608298
875000,0.2296099821
876000,0.2740032651
877000,0.2815348252
878000,0.2800484511
879000,0.2871893833
880000,0.3032164121
881000,0.3045582447
882000,0.3057577296
883000,0.2739923993
884000,0.2772433713
885000,0.2490840231
886000,0.2031521749
887000,0.1925681182
888000,0.1931909067
889000,0.6350075511
890000,0.6206031894
891000,0.6193498824
892000,0.6192779567
893000,0.6151306378
894000,0.616562385
895000,0.619942634
896000,0.6207215602
897000,0.6248993977
898000,0.6370152022
899000,0.2120794765
900000,0.2095036911
901000,0.2091947148
902000,0.2189080512
903000,0.2197653749
904000,0.2151011927
905000,0.2138506009
906000,0.2155884316
907000,0.2186346148
908000,0.2115019226
909000,0.1838517629
910000,0.1873665411
911000,0.1883287528
912000,0.1777234788
913000,0.1777938794
914000,0.176882702
915000,0.1749246122
916000,0.1723235679
917000,0.1658438853
918000,0.1649920035
919000,0.1638174047
920000,0.1602605297
921000,0.1586231045
922000,0.1598332337
923000,0.1661072364
924000,0.1688653278
925000,0.1688008228
926000,0.1692130128
927000,0.1695994823
928000,0.1681033916
929000,0.1724299907
930000,0.1725645405
931000,0.1732635953
932000,0.1724669769
933000,0.1665850343
934000,0.1634009372
935000,0.1632888552
936000,0.1646416745
937000,0.1637363259
938000,0.1636175608
939000,0.2055202873
940000,0.2133511295
941000,0.2718011989
942000,0.2736596679
943000,0.3048164434
944000,0.3054960499
945000,0.3095215128
946000,0.3116695142
947000,0.3116302397
948000,0.3110363402
949000,0.2651267356
950000,0.2602654309
951000,0.2027325048
952000,0.2002284203
953000,0.1815047638
954000,0.1890115023
955000,0.18522747
956000,0.183315533
957000,0.1831609591
958000,0.1812679007
959000,0.1816831688
960000,0.1860270024
961000,0.1857619223
962000,0.1956931162
963000,0.1848595627
964000,0.1777905695
965000,0.1826753184
966000,0.1813842546
967000,0.1848053337
968000,0.1848162781
969000,0.1895654343
970000,0.1827011404
971000,0.1827002606
972000,0.1759498581
973000,0.173484591
974000,0.1729670937
975000,0.1698944103
976000,0.1692469207
977000,0.1660318855
978000,0.16702659
979000,0.1617046507
980000,0.1612266591
981000,0.1613226631
982000,0.1905500546
983000,0.1935058664
984000,0.1964779554
985000,0.198171732
986000,0.1995345368
987000,0.202472359
988000,0.2002845889
989000,0.2001580776
990000,0.2116232378
991000,0.2177976652
992000,0.2262324658
993000,0.2234812731
994000,0.2200692981
995000,0.2176153861
996000,0.217707095
997000,0.2165385612
998000,0.2362119988
999000,0.2379325359
1000000,0.2271870224
1001000,0.2312797221
1002000,0.1973555058
1003000,0.2030675988
1004000,0.2056568921
1005000,0.2054256219
1006000,0.2038890876
1007000,0.2018184948
1008000,0.1827196833
1009000,0.1815066443
1010000,0.1826602115
1011000,0.1718959982
1012000,0.1647636965
1013000,0.1600092119
1014000,0.1573442868
1015000,0.156825314
1016000,0.1600409066
1017000,0.200197713
1018000,0.2839887311
1019000,0.3020888975
1020000,0.302636629
1021000,0.3016794372
1022000,0.3040942699
1023000,0.3039714596
1024000,0.3113691565
1025000,0.3145081277
1026000,0.3150000362
1027000,0.2764522095
1028000,0.1928398698
1029000,0.1825186686
1030000,0.1803138461
1031000,0.1819655279
1032000,0.1799987946
1033000,0.1920961188
1034000,0.2248436726
1035000,0.2290537314
1036000,0.2257293828
1037000,0.2243513039
1038000,0.2244619001
1039000,0.215964762
1040000,0.215522503
1041000,0.2194972622
1042000,0.222058398
1043000,0.2091394679
1044000,0.1698963302
1045000,0.1635350992
1046000,0.1678466623
1047000,0.1853081484
1048000,0.2229741803
1049000,0.224383071
1050000,0.2284956168
1051000,0.2329877975
1052000,0.2549984312
1053000,0.2595885275
1054000,0.2599253948
1055000,0.2585914331
1056000,0.2548266263
1057000,0.2473085199
1058000,0.2109838637
1059000,0.2100828371
1060000,0.2071719131
1061000,0.1995122559
1062000,0.1781205767
1063000,0.1809812998
1064000,0.1828805256
1065000,0.1838198054
1066000,0.1875508283
1067000,0.2011368585
1068000,0.2024432181
1069000,0.2045164942
1070000,0.2090799753
1071000,0.2062794946
1072000,0.2029464682
1073000,0.1960007614
1074000,0.1932285982
1075000,0.1949168204
1076000,0.1925601274
1077000,0.1725779414
1078000,0.1763202281
1079000,0.176662814
1080000,0.1720629148
1081000,0.2094461528
1082000,0.2100468761
1083000,0.2106155403
1084000,0.2140786135
1085000,0.2554924777
1086000,0.3487099719
1087000,0.487016014
1088000,0.6761033015
1089000,0.9175250271
1090000,1.2067231394
1091000,1.5204419958
1092000,1.8601393323
1093000,1.8604579009
1094000,1.8648063138
1095000,1.8215067167
1096000,1.7262306274
1097000,1.5851830272
1098000,1.3912211499
1099000,1.1514507561
1100000,0.86819867
1101000,0.5244954391
1102000,0.1840945616
1103000,0.1841119683
1104000,0.1786323647
1105000,0.1779085964
1106000,0.1812952628
1107000,0.1827095474
1108000,0.2021584144
1109000,0.1974871358
1110000,0.1904784006
1111000,0.1832895663
1112000,0.184822877
1113000,0.1881217851
1114000,0.1965007687
1115000,0.1972032364
1116000,0.1939509447
1117000,0.2098390832
1118000,0.1928756855
1119000,0.2001558689
1120000,0.2034543403
1121000,0.2039882344
1122000,0.2026278035
1123000,0.1975971651
1124000,0.1915271011
1125000,0.2104013636
1126000,0.2122331768
1127000,0.1947016403
1128000,0.1906105601
1129000,0.1879460444
1130000,0.1928794667
1131000,0.1957301975
1132000,0.1953789793
1133000,0.1955118959
1134000,0.1922508257
1135000,0.1736212582
1136000,0.1753184056
1137000,0.1812053219
1138000,0.1899228038
1139000,0.1980242522
1140000,0.1897715151
1141000,0.1862250516
1142000,0.1865241032
1143000,0.1868686825
1144000,0.1861723384
1145000,0.1852555694
1146000,0.1822907761
1147000,0.1756612064
1148000,0.1731423996
1149000,0.2070978477
1150000,0.224188287
1151000,0.2254853986
1152000,0.2285701672
1153000,0.2336863693
1154000,0.2404706677
1155000,0.2655565776
1156000,0.2707684969
1157000,0.2713543456
1158000,0.2681601232
1159000,0.2220179793
1160000,0.2060783023
1161000,0.208111131
1162000,0.2096328751
1163000,0.2054755099
1164000,0.1976125129
1165000,0.1724932306
1166000,0.1671856799
1167000,0.167011626
1168000,0.1632262773
1169000,0.1642821921
1170000,0.1677768266
1171000,0.2129117315
1172000,0.2079696004
1173000,0.2065775495
1174000,0.2072600871
1175000,0.2079177276
1176000,0.207500667
1177000,0.2374201618
1178000,0.2750881013
1179000,0.2740513274
1180000,0.2695242543
1181000,0.221953872
1182000,0.222377135
1183000,0.2245805562
1184000,0.228046612
1185000,0.2323687972
1186000,0.240911452
1187000,0.2114210879
1188000,0.1743594014
1189000,0.1742317842
1190000,0.1980681804
1191000,0.282997648
1192000,0.4260191957
1193000,0.5169806004
1194000,0.5401270493
1195000,0.535709457
1196000,0.5269880385
1197000,0.5278717639
1198000,0.5283130816
1199000,0.5317104579
1200000,0.5112117753
1201000,0.4268870853
1202000,0.3007366756
1203000,0.2849935786
1204000,0.2850204293
1205000,0.2871254379
1206000,0.2960480306
1207000,0.3107400085
1208000,0.3709529218
1209000,0.3986677802
1210000,0.4361736159
1211000,0.4820131006
1212000,0.5129517018
1213000,0.4442540876
1214000,0.4182702374
1215000,0.4160350335
1216000,0.4083396695
1217000,0.3931284142
1218000,0.3351107496
1219000,0.3078700891
1220000,0.2673934516
1221000,0.2228008333
1222000,0.1748620114
1223000,0.1669663713
1224000,0.1681172975
1225000,0.1734172876
1226000,0.1764651114
1227000,0.1797004649
1228000,0.2041281294
1229000,0.2074008399
1230000,0.2079830489
1231000,0.2068333755
1232000,0.2077744469
1233000,0.2071512014
1234000,0.2047814814
1235000,0.1988661438
1236000,0.1944797473
1237000,0.1919282874
1238000,0.1645620051
1239000,0.1568742075
1240000,0.167297888
1241000,0.1683261379
1242000,0.1679349666
1243000,0.1697186707
1244000,0.1703030811
1245000,0.1717387843
1246000,0.1734776731
1247000,0.1719757638
1248000,0.1741836126
1249000,0.1751057867
1250000,0.1714191646
1251000,0.1694408777
1252000,0.1841992775
1253000,0.2538653334
1254000,0.3908806383
1255000,0.4915200563
1256000,0.5131670502
1257000,0.5555843219
1258000,0.5538737388
1259000,0.5558799725
1260000,0.5508604084
1261000,0.5518923322
1262000,0.5366067574
1263000,0.4668405558
1264000,0.3331855352
1265000,0.2309128262
1266000,0.2074569291
1267000,0.165237326
1268000,0.1659994548
1269000,0.1645914629
1270000,0.1616549627
1271000,0.1616502565
1272000,0.1639708002
1273000,0.1653021304
1274000,0.1614271449
1275000,0.1631644063
1276000,0.1641609748
1277000,0.1649735462
1278000,0.1658363662
1279000,0.1689272626
1280000,0.1723444947
1281000,0.173032066
1282000,0.1714654584
1283000,0.1696474419
1284000,0.1719076479
1285000,0.1713567085
1286000,0.1722498171
1287000,0.1753784858
1288000,0.2101363657
1289000,0.2140523569
1290000,0.215457903
1291000,0.2132272649
1292000,0.2142100735
1293000,0.2127885093
1294000,0.2109465471
1295000,0.2101855462
1296000,0.2097814278
1297000,0.213519274
1298000,0.1827062632
1299000,0.1747364444
1300000,0.1706168607
1301000,0.1711247019
1302000,0.1718067081
1303000,0.173265789
1304000,0.1755004552
1305000,0.1752307711
1306000,0.1743144805
1307000,0.1675435659
1308000,0.1783829394
1309000,0.1871178801
1310000,0.1868117627
1311000,0.1873438431
1312000,0.196680427
1313000,0.1960836655
1314000,0.195166313
1315000,0.1967443819
1316000,0.1981800468
1317000,0.1987552719
1318000,0.1828491544
1319000,0.1750471654
1320000,0.17823405
