1000,17048.5760816
2000,14195.9799324
3000,17315.0754593
4000,18244.5486417
5000,19521.9784374
6000,18961.9222373
7000,18605.8703441
8000,18209.6491407
9000,17168.2044698
10000,16100.7042427
11000,15444.8835615
12000,14892.939148
13000,13289.3411155
14000,13014.0350801
15000,11411.9378593
16000,10991.6670523
17000,12148.2376089
18000,11785.7525081
19000,11737.6110376
20000,11787.6046231
21000,11119.6001055
22000,10728.2281253
23000,10048.9552254
24000,8270.82792756
25000,7455.67596067
26000,6482.43431624
27000,3771.4252705
28000,2648.60795483
29000,1855.68119036
30000,1189.94587611
31000,836.56993628
32000,668.088851748
33000,616.170446899
34000,584.470880363
35000,554.853788425
36000,346.998292243
37000,268.003800585
38000,221.950683639
39000,190.931672746
40000,168.133177137
41000,150.569373092
42000,137.477692496
43000,125.893466312
44000,116.210289703
45000,107.923415043
46000,105.486704308
47000,3324.38335166
48000,6261.78528598
49000,7885.8586235
50000,8993.56237389
51000,11489.6645207
52000,12331.7055573
53000,12692.3378296
54000,12935.1196816
55000,13124.3422979
56000,13350.8433462
57000,12123.4924344
58000,11365.2394539
59000,11217.9577545
60000,11268.0749904
61000,9774.64697448
62000,11584.2834868
63000,14028.5201042
64000,14613.0390002
65000,15056.7759059
66000,17260.5118117
67000,17972.1954355
68000,18225.787968
69000,19323.0777361
70000,21810.9810814
71000,23204.6044444
72000,21578.5374268
73000,19547.6429203
74000,20486.4540898
75000,21839.8858
76000,22469.3025298
77000,22786.3537408
78000,22552.8540827
79000,23233.8135284
80000,22463.8964859
81000,22714.328087
82000,23839.488962
83000,24396.7323582
84000,22945.938813
85000,21128.3632489
86000,18169.0477785
87000,15345.5808806
88000,15120.5299638
89000,13475.3457085
90000,13445.1349561
91000,11675.4803257
92000,12463.1088002
93000,14337.1329496
94000,15798.115795
95000,17806.9650799
96000,19139.062287
97000,20966.9860451
98000,20366.8179687
99000,19642.8963835
100000,17518.4997256
101000,19734.3951072
102000,17680.9952133
103000,16161.4446525
104000,17431.5408286
105000,18462.0341058
106000,18383.079889
107000,18674.7788214
108000,19369.8929732
109000,19889.1997742
110000,20878.9820367
111000,19140.3589109
112000,19153.1760348
113000,18642.8436648
114000,17574.4396658
115000,15406.9115053
116000,16222.6911173
117000,15704.7263526
118000,15129.7874462
119000,17236.5286678
120000,18403.2400831
121000,20071.466266
122000,21443.8402174
123000,21860.5332554
124000,21656.5591107
125000,22584.1734672
126000,22277.6672165
127000,20917.7170186
128000,19551.6328761
129000,16115.6346489
130000,14620.5659528
131000,14318.8613735
132000,13828.3709924
133000,14179.938466
134000,15713.1975102
135000,16868.4048177
136000,16974.334968
137000,17961.0677562
138000,20979.0395091
139000,23614.7507388
140000,24239.741989
141000,22973.3570211
142000,22481.7349483
143000,22957.3924882
144000,22617.2507671
145000,22125.1930601
146000,21980.2575951
147000,22697.2932348
148000,22719.5649116
149000,23084.2366467
150000,24108.0517072
151000,24977.2604975
152000,25462.2911264
153000,25555.7265088
154000,24350.5062251
155000,23164.0068318
156000,23746.9196175
157000,24000.1725326
158000,23173.242687
159000,22603.4281809
160000,21597.7340455
161000,20375.7783641
162000,20763.8516632
163000,19431.4783087
164000,18543.6412457
165000,17612.1849639
166000,17734.4359513
167000,17941.8530274
168000,17920.4353848
169000,17153.6714476
170000,17823.994341
171000,18557.1914222
172000,17204.8504151
173000,16573.781374
174000,17245.0519048
175000,19973.8367076
176000,20313.2801389
177000,19691.53401
178000,20260.882149
179000,21365.9740506
180000,21253.18097
181000,20881.5770349
182000,22173.3397092
183000,24267.0180304
184000,25797.5972766
185000,24856.148949
186000,24188.765916
187000,23065.9533831
188000,20468.9465095
189000,18549.3858404
190000,19086.4208293
191000,20449.597464
192000,20765.9615938
193000,21080.7119563
194000,18735.5398673
195000,18886.9111411
196000,19429.8337342
197000,21227.7653436
198000,21459.3371453
199000,20749.1681642
200000,18290.1706473
201000,18266.4951163
202000,18697.7578275
203000,17679.864013
204000,19252.9011476
205000,18467.772319
206000,17083.3649165
207000,15566.9767733
208000,16755.5779452
209000,17792.8784916
210000,17838.6815463
211000,15515.5228027
212000,13073.2865792
213000,12362.3422333
214000,11519.1769534
215000,10830.5517627
216000,9987.27928805
217000,9432.96526013
218000,9456.26449141
219000,9771.31322446
220000,11718.8277695
221000,12961.6505643
222000,14161.9513754
223000,14316.4319366
224000,14039.5287906
225000,13916.6400486
226000,16393.5061884
227000,18417.8203435
228000,19341.2406158
229000,20392.2725304
230000,19207.3464692
231000,18436.729637
232000,17524.5151879
233000,16683.2414194
234000,16715.1548656
235000,17076.8473548
236000,16270.1246996
237000,15901.9580032
238000,14034.9235353
239000,11792.6090376
240000,12547.7776683
241000,13827.7555484
242000,15744.6972221
243000,17214.9515479
244000,17634.4805259
245000,18778.5927279
246000,18206.2493425
247000,17471.3372797
248000,18757.7912454
249000,19780.7752074
250000,18741.643963
251000,18235.9725661
252000,17573.0256008
253000,16897.1910312
254000,16909.3145608
255000,17177.7837204
256000,17805.5905409
257000,18849.3181997
258000,20029.5456983
259000,21402.4623757
260000,23083.9049575
261000,23749.6648794
262000,22051.8344721
263000,20845.2943798
264000,20095.5384604
265000,19138.5137381
266000,17767.3612898
267000,15861.3179522
268000,13083.3267753
269000,10719.3656747
270000,8264.25690601
271000,7848.93987081
272000,9313.13723527
273000,10660.4184466
274000,11564.7488155
275000,13161.1125398
276000,15605.0794219
277000,16466.8693745
278000,17991.0049379
279000,20197.7101131
280000,22137.333664
281000,23325.8494975
282000,24454.6155002
283000,25980.2491436
284000,25390.0631149
285000,23656.3422642
286000,22237.2312392
287000,22092.6398063
288000,22550.9880686
289000,22551.2404976
290000,22645.2505741
291000,22421.6727533
292000,21912.2326069
293000,21792.3425957
294000,22903.1767968
295000,23376.5956231
296000,23161.7098182
297000,24309.9002095
298000,23024.7249043
299000,22014.3602458
300000,22267.3427441
301000,20907.51384
302000,19319.7857425
303000,18330.4375633
304000,18112.4905598
305000,18649.7392238
306000,19897.4139232
307000,18536.1172207
308000,17739.3729524
309000,17709.3375329
310000,16351.5774033
311000,17557.668721
312000,19068.8933457
313000,17954.7283437
314000,16175.9090039
315000,13870.6906838
316000,11194.6350878
317000,12135.052434
318000,13282.4051293
319000,13217.927012
320000,13531.8920608
321000,12736.4660526
322000,11670.9627866
323000,13714.6535597
324000,14848.781705
325000,17096.0584986
326000,19575.8272969
327000,20194.6190059
328000,20198.7882531
329000,20727.4123072
330000,20940.1257649
331000,20077.3066775
332000,19667.2531213
333000,17421.3842193
334000,16727.1119394
335000,16053.2841722
336000,14935.0043386
337000,13712.1396586
338000,14691.6081134
339000,16119.1896218
340000,16040.0956627
341000,16395.9042708
342000,17131.9564493
343000,18417.2443553
344000,20454.7938032
345000,20425.4466363
346000,21615.8883763
347000,21829.0890615
348000,21291.1840431
349000,20919.1707536
350000,21072.538985
351000,21675.0715977
352000,22341.4195252
353000,23342.5514442
354000,23171.0526022
355000,23720.2012064
356000,23778.6779447
357000,23682.3449342
358000,23449.3760305
359000,22534.245257
360000,23296.7428708
361000,23933.3225001
362000,24479.4539371
363000,24668.8165271
364000,24422.5210743
365000,23651.3043039
366000,22192.5546018
367000,22623.4371592
368000,24092.1931741
369000,24161.854771
370000,23556.3955995
371000,23122.1613358
372000,22062.6409741
373000,20923.3560122
374000,19815.6753396
375000,19742.7888125
376000,20219.3786468
377000,19079.7968058
378000,16915.9443425
379000,15863.0651854
380000,15036.4286073
381000,14477.2435081
382000,14144.4033981
383000,13165.3820328
384000,12491.5698726
385000,12096.0616702
386000,10400.8609788
387000,9596.67422169
388000,8619.86812915
389000,7466.57565932
390000,6245.74708867
391000,7489.83883745
392000,8008.96791888
393000,7891.96071165
394000,7875.29458554
395000,9451.0721095
396000,12515.326963
397000,14265.2279564
398000,14410.2616871
399000,15306.1965438
400000,16263.1999315
401000,14723.5996273
402000,13981.2218035
403000,16564.656642
404000,18652.7827291
405000,19323.5194334
406000,19038.9290116
407000,19373.205499
408000,21671.2154004
409000,22232.8872068
410000,23965.4060286
411000,23710.7068644
412000,24783.9415893
413000,21999.540999
414000,21723.447624
415000,20094.294246
416000,19709.1619716
417000,19120.746982
418000,18905.1261916
419000,18802.453406
420000,17557.7685888
421000,18121.4084141
422000,16372.2901626
423000,16008.6609519
424000,13818.6569134
425000,13681.0339037
426000,12795.4991825
427000,13640.0639861
428000,13397.0538999
429000,13563.3653397
430000,14364.2302348
431000,14644.1049854
432000,15564.1800235
433000,16884.8426348
434000,18876.8908726
435000,20520.2810545
436000,20912.7080986
437000,20190.6217494
438000,21239.5005743
439000,20826.4755597
440000,21580.9770199
441000,20547.9420222
442000,19735.4279986
443000,19186.2341906
444000,17415.6557513
445000,14484.9385693
446000,12601.656247
447000,11216.2714866
448000,9101.18434879
449000,9384.86244174
450000,6480.5560332
451000,5559.63439778
452000,5058.14716868
453000,4061.82903966
454000,3655.80739349
455000,3388.59731878
456000,3196.46586228
457000,2881.88674665
458000,1909.55737236
459000,1520.57748494
460000,2160.0011859
461000,4334.15915188
462000,5167.52504896
463000,5637.21602855
464000,5970.91894045
465000,6991.49961116
466000,8830.6587564
467000,10591.6124483
468000,11662.2027036
469000,11433.1597888
470000,11309.2672655
471000,9559.27724703
472000,9725.95006121
473000,11396.8132213
474000,12636.549486
475000,13320.5364489
476000,12462.7433108
477000,11462.5834816
478000,13187.3918178
479000,14531.6448484
480000,17035.2214369
481000,19530.9756765
482000,20244.8174242
483000,18824.2905428
484000,17793.2187407
485000,16659.6335226
486000,16322.1231252
487000,15989.5415171
488000,13646.9089613
489000,14295.2833188
490000,12095.3420704
491000,9251.53809443
492000,7865.5535598
493000,9061.11673633
494000,9223.31468786
495000,11193.9111521
496000,12476.0810474
497000,13120.1315914
498000,13333.4537933
499000,11587.1860393
500000,10943.1814844
501000,10894.0940835
502000,10561.9625261
503000,8663.78902342
504000,7962.85340067
505000,5428.95888764
506000,3506.40398294
507000,2480.22298394
508000,3762.37786083
509000,3975.7511029
510000,4741.00147746
511000,5708.18022539
512000,6082.74344412
513000,6170.46835873
514000,6376.14810786
515000,8516.09387321
516000,9656.70308094
517000,9871.07694587
518000,9020.27730854
519000,10386.9496017
520000,11268.5906682
521000,12915.0536786
522000,14921.1827126
523000,17333.2505336
524000,20439.3553882
525000,21328.5032485
526000,22782.4552533
527000,23165.4527023
528000,22982.133629
529000,20839.3662131
530000,19395.8132255
531000,18995.6195836
532000,18625.6263575
533000,18355.9188912
534000,16637.6462228
535000,14223.5521596
536000,12191.9819872
537000,13628.3807005
538000,15878.2834816
539000,17536.6223648
540000,17632.1264463
541000,15547.8744619
542000,13645.3250699
543000,11517.5540346
544000,12780.7469741
545000,15228.8625622
546000,17102.551729
547000,18353.5320585
548000,17966.3429058
549000,17145.9962818
550000,17392.1281606
551000,17793.5412168
552000,18591.075437
553000,20176.5422039
554000,19134.6006369
555000,18656.3211125
556000,18808.0928458
557000,18269.6243
558000,18446.4905315
559000,19278.3967885
560000,20573.7846915
561000,22393.4314598
562000,24063.8585417
563000,24288.1893655
564000,24973.0226621
565000,23372.3559718
566000,21315.8242247
567000,18872.4039127
568000,16188.5222726
569000,15572.7528201
570000,16669.2064195
571000,17437.1634024
572000,17755.3620329
573000,18471.3500244
574000,18305.3321084
575000,19996.6449853
576000,21872.3320383
577000,23104.4751186
578000,23871.2777318
579000,23288.6571052
580000,20186.294312
581000,17041.9413012
582000,14152.0089576
583000,11509.958462
584000,9172.1004903
585000,6489.11681072
586000,4084.98289617
587000,2767.53045366
588000,4508.33930661
589000,6394.14236447
590000,6651.82479267
591000,7216.58055416
592000,8863.59087273
593000,10101.5509781
594000,12686.0671668
595000,14754.1796298
596000,17278.0977769
597000,19187.9195847
598000,17756.1515334
599000,15688.5786091
600000,15895.1679357
601000,17077.9683198
602000,17678.9387472
603000,19113.521298
604000,18609.1889434
605000,18339.0874945
606000,18726.9472911
607000,16880.5439066
608000,15695.6692816
609000,14995.1785243
610000,14433.515942
611000,12664.9311826
612000,11163.1295669
613000,10385.7365219
614000,9553.04943708
615000,10563.9478339
616000,9996.85192263
617000,11324.0599306
618000,12506.3738333
619000,12957.7134732
620000,15554.225773
621000,17663.4927685
622000,17768.3730601
623000,17206.5890582
624000,18733.6586814
625000,17568.9944571
626000,17174.8475957
627000,17692.6410327
628000,16691.5916126
629000,16250.1432268
630000,13648.4527826
631000,11524.9396294
632000,10655.0736499
633000,9310.02385313
634000,6527.47423948
635000,4876.58475209
636000,2914.14993927
637000,737.247664532
638000,382.515795307
639000,285.298531607
640000,232.81326818
641000,198.408559212
642000,173.722589496
643000,154.814854542
644000,139.895748461
645000,136.170745135
646000,3166.70527194
647000,4749.68022155
648000,5789.92613072
649000,7207.9275633
650000,9423.69859211
651000,11191.4121144
652000,12075.8330665
653000,12683.5296804
654000,13175.1646063
655000,15024.544427
656000,14465.2774837
657000,15837.0667639
658000,16464.5998502
659000,15745.3112127
660000,14003.6552939
661000,12574.7121612
662000,11956.3601808
663000,11986.312591
664000,12334.7456626
665000,10837.0891357
666000,8587.13250151
667000,5791.18780606
668000,4332.39815076
669000,7092.2980958
670000,9417.28746327
671000,11626.9678247
672000,12872.877979
673000,13382.8981791
674000,13687.5148076
675000,15804.5465511
676000,16916.2251467
677000,17643.8910926
678000,18835.8546469
679000,15839.1908873
680000,13182.5344732
681000,10718.7322175
682000,9264.32433444
683000,8162.99326763
684000,7053.51057099
685000,4604.63878685
686000,3288.56771678
687000,5593.09943545
688000,5177.13565421
689000,6864.40796571
690000,9891.30313004
691000,12011.5248057
692000,14056.8720556
693000,15111.7212175
694000,15302.7633494
695000,15466.6188302
696000,17783.977507
697000,16441.8751271
698000,17422.8886915
699000,15578.6198217
700000,12530.2042788
701000,10407.3471081
702000,8373.36775096
703000,7315.85540979
704000,7134.23839152
705000,7040.98656348
706000,6775.39756688
707000,7593.36790674
708000,8322.82919128
709000,10348.071067
710000,12528.5043573
711000,14144.3487564
712000,16585.044069
713000,18750.452702
714000,20756.8434348
715000,23809.7654853
716000,24979.4751465
717000,24364.6844557
718000,24445.3281474
719000,24408.0862657
720000,23683.4075383
721000,24475.5097725
722000,24741.5388032
723000,24845.7201963
724000,25668.9523804
725000,24523.9908349
726000,23779.123473
727000,22310.3953533
728000,19934.5794219
729000,19123.6559801
730000,18373.2993266
731000,18549.4814815
732000,18626.5702588
733000,17350.9774237
734000,15662.3954847
735000,15855.4992554
736000,16640.0747137
737000,17354.7532299
738000,17719.1963494
739000,18515.7218436
740000,19803.2821957
741000,18326.307549
742000,16431.8028037
743000,17182.9580388
744000,18850.2505726
745000,18716.2196235
746000,17467.2325211
747000,19337.5581026
748000,21285.8687949
749000,20894.0278326
750000,19119.7753822
751000,18690.9789731
752000,20855.4573205
753000,21486.5475716
754000,20864.2603804
755000,20815.6791787
756000,19877.5130012
757000,18723.9976042
758000,16546.8462342
759000,14851.4825834
760000,14631.4772263
761000,14420.9901394
762000,12997.9500397
763000,13676.0757542
764000,14239.3416025
765000,14748.743552
766000,15962.8356993
767000,16443.127565
768000,17556.5877751
769000,18662.854903
770000,20820.5865602
771000,21842.3357026
772000,21956.8565543
773000,20857.5781122
774000,19509.9123624
775000,17933.5013698
776000,18868.3066586
777000,19668.9749956
778000,19189.9960054
779000,20689.8741093
780000,21453.1202201
781000,21614.6206193
782000,20499.9041845
783000,18879.6082489
784000,18336.9094101
785000,19092.9476068
786000,17877.6382513
787000,16260.3843612
788000,16397.8660739
789000,15440.5121244
790000,14723.8766573
791000,15035.1489038
792000,16701.2183332
793000,17053.9797399
794000,16342.6223913
795000,14945.2212176
796000,15562.0605101
797000,14650.4605705
798000,13829.608216
799000,13349.2601428
800000,13044.5327965
801000,12287.3798986
802000,11339.609577
803000,13875.7525545
804000,16675.8094104
805000,18760.9344822
806000,16408.9085542
807000,17138.1632395
808000,18754.5892093
809000,19606.8831952
810000,20936.0074304
811000,20432.5687192
812000,21643.4710911
813000,20006.6178514
814000,17741.2204609
815000,15613.3105897
816000,18201.7010114
817000,17823.669112
818000,16702.4346896
819000,16834.8729815
820000,15415.854618
821000,16249.2480789
822000,15074.9934097
823000,14147.541527
824000,15598.0462727
825000,17134.5697783
826000,16334.085707
827000,18025.7116346
828000,19403.3241341
829000,20078.3061544
830000,21111.3396561
831000,21573.5710913
832000,21356.2674255
833000,23874.0889759
834000,24757.1925004
835000,25129.1532422
836000,24125.2308288
837000,22539.3748254
838000,23394.1180966
839000,22428.6349715
840000,22164.6618912
841000,21356.0831295
842000,22682.5599365
843000,21852.7764774
844000,20913.0044399
845000,21447.6910301
846000,23395.9451251
847000,24252.9120414
848000,24165.5903659
849000,23413.5360801
850000,20901.1928969
851000,20315.4193601
852000,17915.5561521
853000,16177.1863281
854000,14420.415861
855000,13486.138495
856000,11841.2727522
857000,11765.7927122
858000,10400.645601
859000,11416.3304629
860000,12595.5386773
861000,14327.6958398
862000,15417.2371992
863000,15498.5010137
864000,16136.92475
865000,16248.5170952
866000,17675.619231
867000,17956.8778996
868000,18326.5603695
869000,16949.692799
870000,16729.8821204
871000,15176.996185
872000,16658.5494589
873000,18101.9437778
874000,18239.8318741
875000,17951.5164197
876000,17181.2310446
877000,16080.7382668
878000,16636.1578985
879000,17444.9182592
880000,18709.2831574
881000,20622.8932574
882000,19724.9911556
883000,20669.6695805
884000,21906.3888818
885000,22231.3596533
886000,22936.441265
887000,24304.1313642
888000,21871.4792767
889000,22085.6015879
890000,21159.0487754
891000,19599.4839119
892000,19841.049752
893000,18643.8087517
894000,19161.9461095
895000,18074.0769717
896000,16183.405067
897000,13866.4417511
898000,14484.3061441
899000,15310.3442409
900000,15865.8508815
901000,17625.4659548
902000,16037.9925853
903000,15151.2262754
904000,14204.272133
905000,14080.7452484
906000,14297.2046165
907000,15026.9021317
908000,15674.5289237
909000,15636.8508336
910000,17053.9814823
911000,17085.7814287
912000,19135.265373
913000,20252.0489254
914000,20154.6490075
915000,22385.426111
916000,23499.5926156
917000,25455.9025364
918000,26012.3964475
919000,23634.8852114
920000,20297.1605595
921000,17487.8959732
922000,15796.0511044
923000,16753.9901384
924000,16680.9570061
925000,15716.6971736
926000,14527.4587265
927000,12763.4092726
928000,12606.3451767
929000,14422.4720672
930000,15108.5616847
931000,17650.731739
932000,18676.586639
933000,18047.2053987
934000,16710.2182131
935000,14953.8582977
936000,16908.2665009
937000,18797.1949213
938000,19478.8834602
939000,20561.2186658
940000,22795.9783984
941000,20944.1809095
942000,21977.8452796
943000,21837.7992151
944000,23763.9083086
945000,24840.8854758
946000,22425.5967919
947000,19585.3344164
948000,18883.8014259
949000,16857.1506332
950000,14361.3111441
951000,13848.5212281
952000,12754.7272632
953000,12910.7409209
954000,13416.1342814
955000,12818.0879456
956000,14179.6539196
957000,16622.5301899
958000,16616.8117537
959000,17119.1490085
960000,17672.0595161
961000,18331.9983633
962000,19019.3757116
963000,18290.4132034
964000,15767.2801716
965000,16355.7270167
966000,15765.0631823
967000,14585.891745
968000,15879.3205729
969000,16591.163471
970000,18402.0585648
971000,19236.2585867
972000,18340.1959443
973000,17892.4072386
974000,18320.3277903
975000,19913.0258255
976000,20953.0940487
977000,21482.0490266
978000,20504.461761
979000,19462.1054689
980000,16741.2964757
981000,14954.2826358
982000,13404.6160838
983000,12120.6405426
984000,11373.516444
985000,8515.51321253
986000,6184.89587109
987000,4201.64772916
988000,3178.10756633
989000,2998.76917065
990000,5257.30183244
991000,7959.61655431
992000,9819.95936321
993000,11088.442272
994000,12051.6492626
995000,12999.5714668
996000,15992.9556963
997000,17803.5614217
998000,18572.2373731
999000,19023.7108301
1000000,18839.0785202
1001000,16482.4194694
1002000,15894.8754381
1003000,17536.788986
1004000,19492.807978
1005000,20182.4860692
1006000,18367.37827
1007000,17223.3461223
1008000,18352.6056937
1009000,18715.0669449
1010000,17691.041026
1011000,18284.8932164
1012000,18048.6522579
1013000,17428.9426735
1014000,17333.4174915
1015000,18670.7409781
1016000,18119.5278617
1017000,18037.2162655
1018000,16571.2654397
1019000,17261.1304371
1020000,17669.2403661
1021000,17536.9697857
1022000,18035.6790479
1023000,19110.2291538
1024000,19495.5053714
1025000,18424.0292218
1026000,19512.9326492
1027000,19949.070006
1028000,19203.1947932
1029000,17109.9317851
1030000,16568.9121073
1031000,18959.002741
1032000,20039.0300195
1033000,19444.2070932
1034000,18353.7713409
1035000,19437.3384373
1036000,20351.913979
1037000,20893.6897529
1038000,20239.1580622
1039000,19896.9047174
1040000,20976.4301697
1041000,19168.9122908
1042000,17582.0966923
1043000,15631.1260745
1044000,14111.6607156
1045000,12158.5103073
1046000,11788.9124667
1047000,11809.2020369
1048000,13818.8988053
1049000,14991.9745006
1050000,14390.2817413
1051000,15643.5630104
1052000,17709.3811599
1053000,19860.7611457
1054000,21583.2122145
1055000,23761.2769831
1056000,23793.6734572
1057000,23421.6689666
1058000,22607.5081318
1059000,24337.9190017
1060000,25615.6008108
1061000,25649.8516864
1062000,25167.5667775
1063000,22557.0467472
1064000,20394.8732398
1065000,19879.2973458
1066000,20072.2677768
1067000,22156.3267083
1068000,22522.2955359
1069000,20731.0256177
1070000,19102.6854635
1071000,17098.0937741
1072000,16586.9989033
1073000,19051.389455
1074000,21290.1586551
1075000,18777.6749514
1076000,16356.3596361
1077000,13089.9709813
1078000,11539.898893
1079000,11485.8282495
1080000,12877.8357991
1081000,14260.739757
1082000,14406.617516
1083000,12825.8807598
1084000,12041.2275189
1085000,13825.3033642
1086000,13969.9561751
1087000,14026.2954227
1088000,16132.5933083
1089000,15703.3300328
1090000,13629.4541871
1091000,11875.2418369
1092000,9862.94710667
1093000,8808.11989544
1094000,7355.73238526
1095000,5540.978435
1096000,5733.66239618
1097000,7858.40343793
1098000,7882.83336441
1099000,9245.02823883
1100000,10659.5238113
1101000,11520.5507027
1102000,13234.6939343
1103000,14719.3775479
1104000,17425.1199459
1105000,19496.4084022
1106000,20705.0934586
1107000,19504.6621437
1108000,18329.0523262
1109000,17475.5443323
1110000,15792.1693181
1111000,16293.2426513
1112000,16090.6956771
1113000,16768.049776
1114000,16619.9084302
1115000,17637.462358
1116000,19036.722909
1117000,20781.5300344
1118000,21577.4462616
1119000,23449.3260992
1120000,23997.8520268
1121000,23372.8818438
1122000,23716.2122784
1123000,23305.9067552
1124000,22810.8905579
1125000,21724.5609196
1126000,21146.2663534
1127000,20056.147574
1128000,20523.9859008
1129000,18378.4354513
1130000,19609.3844052
1131000,18764.2141244
1132000,16714.4404409
1133000,14787.3945846
1134000,12698.3673625
1135000,10720.3540299
1136000,8769.66161415
1137000,9919.27883908
1138000,9239.35257116
1139000,9823.90061944
1140000,10478.4941305
1141000,11898.8709975
1142000,13496.733818
1143000,16567.5281215
1144000,18866.4343116
1145000,20826.8462612
1146000,22444.5912429
1147000,22793.9952117
1148000,22976.9571229
1149000,22697.3083327
1150000,21702.828889
1151000,22934.2748841
1152000,23249.0152259
1153000,22475.7913335
1154000,21770.454762
1155000,20934.5655379
1156000,20185.0234017
1157000,18816.5169416
1158000,19016.1070146
1159000,19456.2754693
1160000,19626.164651
1161000,18885.3369417
1162000,18111.4378299
1163000,16737.2141982
1164000,15797.5973042
1165000,15968.0146582
1166000,17387.4846343
1167000,17802.0021746
1168000,18335.7506396
1169000,19623.5276223
1170000,19750.1623298
1171000,18175.6301481
1172000,18916.8246857
1173000,20837.5901429
1174000,22250.3373164
1175000,23148.0238691
1176000,22072.3902315
1177000,21712.3033411
1178000,21901.7735237
1179000,21365.4476035
1180000,20170.8451736
1181000,20009.5969454
1182000,21130.2950818
1183000,20570.4658462
1184000,18972.1097414
1185000,18926.4701786
1186000,19236.7232738
1187000,19010.345649
1188000,17967.5110312
1189000,17508.8464119
1190000,19257.6183197
1191000,20218.8944878
