1000,0.178322823
2000,0.1667644365
3000,0.166975726333
4000,0.1578646145
5000,0.1532931958
6000,0.150938865667
7000,0.152014282143
8000,0.151505738875
9000,0.151959325778
10000,0.1564685139
11000,0.1614778473
12000,0.1627763184
13000,0.1677640788
14000,0.1787117677
15000,0.1763369134
16000,0.1779036325
17000,0.1815667811
18000,0.1776891148
19000,0.1733083946
20000,0.1693481886
21000,0.1675309261
22000,0.1711665834
23000,0.1807666888
24000,0.2086876644
25000,0.337950411
26000,0.5253917529
27000,0.7468390779
28000,0.7823157687
29000,0.8808347957
30000,1.0382237136
31000,1.2536633953
32000,1.5326979278
33000,1.8647522132
34000,2.2581720061
35000,2.6064610152
36000,2.9551783436
37000,3.3292222819
38000,3.9604236259
39000,4.5917597619
40000,5.23680894
41000,5.8659255743
42000,6.4956368599
43000,7.1248721785
44000,7.7394604933
45000,8.3692256945
46000,8.9985778175
47000,9.6273070432
48000,9.8499218977
49000,9.1353737407
50000,8.3265795016
51000,7.4714790326
52000,6.5555299707
53000,5.5771892089
54000,4.5269343089
55000,3.427650554
56000,2.2809092174
57000,1.0825600697
58000,0.2364247532
59000,0.2568367134
60000,0.2683820227
61000,0.2679009365
62000,0.2665810526
63000,0.2644960572
64000,0.2755996071
65000,0.266198242
66000,0.2417501087
67000,0.2061256985
68000,0.1679132802
69000,0.1454903068
70000,0.1343720367
71000,0.134339375
72000,0.1327261299
73000,0.1309957388
74000,0.119931084
75000,0.1197398905
76000,0.120648388
77000,0.1204658222
78000,0.129804964
79000,0.1150390365
80000,0.117973215
81000,0.1185134188
82000,0.1177614205
83000,0.1168374049
84000,0.1178533374
85000,0.1179366424
86000,0.1169637777
87000,0.1173468365
88000,0.1028392951
89000,0.1038245297
90000,0.1058925757
91000,0.133942822
92000,0.1881308159
93000,0.2743050749
94000,0.3131728476
95000,0.3151656334
96000,0.3179819522
97000,0.3185089585
98000,0.3181415284
99000,0.3242212934
100000,0.3190623336
101000,0.2900826541
102000,0.238136403
103000,0.1529387023
104000,0.1160176485
105000,0.1163003711
106000,0.1155545021
107000,0.1217598846
108000,0.1313722946
109000,0.1268743048
110000,0.1268091346
111000,0.1372824713
112000,0.1352825564
113000,0.1350284122
114000,0.1318645943
115000,0.1295002854
116000,0.132825731
117000,0.1259612832
118000,0.1190893077
119000,0.1224719993
120000,0.1262274056
121000,0.1190247353
122000,0.1254135648
123000,0.1323525403
124000,0.1331826067
125000,0.1373381333
126000,0.136580847
127000,0.1379922025
128000,0.1359268936
129000,0.133080956
130000,0.1292958636
131000,0.1259149915
132000,0.1196832923
133000,0.1125221203
134000,0.1128063891
135000,0.1122534759
136000,0.1092877338
137000,0.1091612001
138000,0.109700537
139000,0.1231807184
140000,0.1875470701
141000,0.2926388655
142000,0.3079799312
143000,0.3082206088
144000,0.3092977387
145000,0.3088385049
146000,0.3067452346
147000,0.3053055002
148000,0.3032261189
149000,0.2883059021
150000,0.2256867573
151000,0.1226885102
152000,0.1070261117
153000,0.1069404638
154000,0.1065457271
155000,0.1066413772
156000,0.1110552312
157000,0.1118450125
158000,0.1123736237
159000,0.1115058253
160000,0.1103284987
161000,0.1104293337
162000,0.1121259981
163000,0.111966752
164000,0.110727885
165000,0.1074110796
166000,0.1046031161
167000,0.104642848
168000,0.1060054429
169000,0.1060115039
170000,0.1077359946
171000,0.1092672216
172000,0.1086490422
173000,0.109312926
174000,0.1096447049
175000,0.1106060578
176000,0.1105197326
177000,0.1125491772
178000,0.1152299347
179000,0.1152202911
180000,0.1174907292
181000,0.1210758795
182000,0.1371905122
183000,0.1366263507
184000,0.1363625397
185000,0.1361709543
186000,0.1376302988
187000,0.1354747991
188000,0.1312499397
189000,0.1325256636
190000,0.1361802078
191000,0.1426160783
192000,0.1326247079
193000,0.1322732627
194000,0.1314299797
195000,0.1314814734
196000,0.1307070408
197000,0.1301708092
198000,0.1303500198
199000,0.1282429215
200000,0.1229426928
201000,0.1101592803
202000,0.1043267996
203000,0.104747253
204000,0.1049694513
205000,0.1052996525
206000,0.1041968138
207000,0.1097484286
208000,0.1342904717
209000,0.1496592877
210000,0.1468202715
211000,0.1458527346
212000,0.1449642043
213000,0.1448201814
214000,0.1456758845
215000,0.1547551285
216000,0.1546969864
217000,0.1488000011
218000,0.1246354126
219000,0.1120710601
220000,0.1407768297
221000,0.1672293969
222000,0.176774637
223000,0.1766396128
224000,0.1760328985
225000,0.1676937631
226000,0.1676242905
227000,0.1699708015
228000,0.175247126
229000,0.1764917614
230000,0.1512639635
231000,0.1269708715
232000,0.1238653077
233000,0.1366835255
234000,0.1548113372
235000,0.1703993433
236000,0.1707592756
237000,0.17317727
238000,0.172620205
239000,0.182470028
240000,0.1941944813
241000,0.1940051449
242000,0.1905549579
243000,0.1778570466
244000,0.1603313038
245000,0.1475317491
246000,0.150727251
247000,0.1503860437
248000,0.149859515
249000,0.143850447
250000,0.1287621963
251000,0.1274088101
252000,0.1244322325
253000,0.1244836099
254000,0.1248821252
255000,0.1245648918
256000,0.1281422592
257000,0.1357378324
258000,0.1435860991
259000,0.1398434551
260000,0.1443050187
261000,0.1449859372
262000,0.1455189969
263000,0.1484350906
264000,0.1752135559
265000,0.1724280826
266000,0.1663100139
267000,0.1554962061
268000,0.1427978793
269000,0.1402414247
270000,0.1376354027
271000,0.1373001012
272000,0.1386643649
273000,0.1386229
274000,0.1121232672
275000,0.1125366128
276000,0.1144890358
277000,0.1181694542
278000,0.1207616836
279000,0.1204228299
280000,0.1225193624
281000,0.1238702812
282000,0.1225494201
283000,0.1200993645
284000,0.1208127794
285000,0.1190152599
286000,0.1151509168
287000,0.1107592262
288000,0.1083936864
289000,0.107718597
290000,0.1212389922
291000,0.1759640911
292000,0.2120287077
293000,0.211657501
294000,0.214089591
295000,0.2232969864
296000,0.2371387155
297000,0.2551522852
298000,0.2768544071
299000,0.2886130315
300000,0.2715136229
301000,0.2174166205
302000,0.1830464002
303000,0.1841319127
304000,0.1803749951
305000,0.1710993429
306000,0.1578066185
307000,0.1440107816
308000,0.1225051068
309000,0.110513717
310000,0.1109394569
311000,0.108204088
312000,0.1057257047
313000,0.1039853464
314000,0.1045389357
315000,0.1110634779
316000,0.1114557018
317000,0.1091904152
318000,0.1124397187
319000,0.1125352781
320000,0.1127901339
321000,0.1133333355
322000,0.1139208706
323000,0.114270795
324000,0.1143591086
325000,0.1078995217
326000,0.1081825733
327000,0.1075088946
328000,0.1060086533
329000,0.106523174
330000,0.1087501489
331000,0.112296339
332000,0.1122589502
333000,0.1131339296
334000,0.1149472638
335000,0.1248372105
336000,0.1249202335
337000,0.1257076431
338000,0.1249455199
339000,0.1238540256
340000,0.1208100551
341000,0.123051662
342000,0.1445511925
343000,0.1450924135
344000,0.1457929116
345000,0.1361740733
346000,0.1355785074
347000,0.1404827002
348000,0.1549924497
349000,0.1908837686
350000,0.2161880788
351000,0.2337641656
352000,0.2131596781
353000,0.2148568005
354000,0.2134847691
355000,0.2161160068
356000,0.2172726366
357000,0.2134199464
358000,0.2005114656
359000,0.166786437
360000,0.1427601409
361000,0.1194298637
362000,0.1178375662
363000,0.1150556071
364000,0.1156092529
365000,0.1139412476
366000,0.1140093289
367000,0.1145854031
368000,0.1194713037
369000,0.1292957598
370000,0.1416250199
371000,0.1431181486
372000,0.1440900447
373000,0.1466818625
374000,0.1457987384
375000,0.1451938719
376000,0.143392393
377000,0.1416757269
378000,0.1355716516
379000,0.1285406684
380000,0.1152198007
381000,0.1148069476
382000,0.113841389
383000,0.1130496065
384000,0.1111763848
385000,0.1131481279
386000,0.1145931654
387000,0.112374562
388000,0.1122068195
389000,0.108115126
390000,0.142706145
391000,0.141591918
392000,0.1427418362
393000,0.1414350384
394000,0.1414645822
395000,0.1391479574
396000,0.1400602453
397000,0.1420808086
398000,0.1424741634
399000,0.1421080873
400000,0.1074110434
401000,0.1076875878
402000,0.1067926597
403000,0.1057265937
404000,0.106033383
405000,0.1084582602
406000,0.1102102631
407000,0.1094307434
408000,0.1084274903
409000,0.1081777797
410000,0.1099011848
411000,0.109563804
412000,0.1105693252
413000,0.1129308686
414000,0.1139932969
415000,0.1153660251
416000,0.1144979865
417000,0.1152576479
418000,0.1170944957
419000,0.1279063824
420000,0.1270272503
421000,0.1348222924
422000,0.1342889455
423000,0.1348570046
424000,0.1371268154
425000,0.1398697404
426000,0.150283931
427000,0.1507747143
428000,0.1862343796
429000,0.2578535344
430000,0.3631094157
431000,0.5233733123
432000,0.7174158803
433000,0.7255571406
434000,0.7217115738
435000,0.7189701154
436000,0.7156673212
437000,0.7226902968
438000,0.6848718442
439000,0.6020824003
440000,0.4957809852
441000,0.3596624351
442000,0.1816048535
443000,0.1719748205
444000,0.1780475874
445000,0.1797768873
446000,0.1730598289
447000,0.1634958811
448000,0.1634921178
449000,0.163757561
450000,0.1634440998
451000,0.1323234108
452000,0.1159486755
453000,0.1155974031
454000,0.1118866156
455000,0.1066213518
456000,0.1385823604
457000,0.1394597282
458000,0.151663153
459000,0.1520270479
460000,0.1543203457
461000,0.1573251228
462000,0.1582789194
463000,0.1607391776
464000,0.1596654429
465000,0.1634059029
466000,0.1303018273
467000,0.1775002174
468000,0.1816534955
469000,0.2133048043
470000,0.2539088876
471000,0.2575480366
472000,0.2577229056
473000,0.2561799881
474000,0.2557876124
475000,0.2530211068
476000,0.2538430156
477000,0.2064233473
478000,0.1911460304
479000,0.1627908914
480000,0.1229519352
481000,0.116733595
482000,0.1161993507
483000,0.114458646
484000,0.1155683191
485000,0.1155759173
486000,0.1124152971
487000,0.1168750037
488000,0.1153119282
489000,0.1153788123
490000,0.1266054781
491000,0.1313102156
492000,0.1452451441
493000,0.1722179648
494000,0.2083591349
495000,0.2461735515
496000,0.249018135
497000,0.2521262338
498000,0.259089259
499000,0.3315694203
500000,0.4505373041
501000,0.6372534602
502000,0.8995944472
503000,1.1832782586
504000,1.5142333767
505000,1.9084323339
506000,2.3932048962
507000,2.6360132929
508000,2.6352089231
509000,2.5670044985
510000,2.4355876077
511000,2.24922692
512000,1.986755617
513000,1.698405621
514000,1.3391988602
515000,0.9073175709
516000,0.4211986152
517000,0.1737130682
518000,0.1742155529
519000,0.1755144202
520000,0.1864110243
521000,0.1956254428
522000,0.1819567945
523000,0.1608883308
524000,0.1534732986
525000,0.1541215426
526000,0.1591394636
527000,0.1653313082
528000,0.1588269111
529000,0.1513258222
530000,0.1385982189
531000,0.1226271897
532000,0.1218016865
533000,0.1231410964
534000,0.1307882335
535000,0.1414379144
536000,0.1478295804
537000,0.1494267688
538000,0.1670823766
539000,0.1842695033
540000,0.1848714565
541000,0.1879844455
542000,0.2228925765
543000,0.3041309211
544000,0.2946318465
545000,0.2909499345
546000,0.2808221591
547000,0.2720723846
548000,0.2559568312
549000,0.2424682408
550000,0.2531476422
551000,0.2559927132
552000,0.2367384359
553000,0.2286012757
554000,0.4107899956
555000,0.5632480639
556000,0.8131264153
557000,1.0813145933
558000,1.4170670176
559000,1.6669053412
560000,1.6565387073
561000,1.6533008547
562000,1.6426125301
563000,1.5737131944
564000,1.3939455549
565000,1.2657679978
566000,1.0904819783
567000,0.8331762894
568000,0.4969904732
569000,0.2449559653
570000,0.2712796398
571000,0.2808948801
572000,0.2762823744
573000,0.2708592769
574000,0.2687576827
575000,0.2359092997
576000,0.1595273209
577000,0.1469024548
578000,0.1455961286
579000,0.1425360651
580000,0.1156210726
581000,0.1106677836
582000,0.1169988774
583000,0.1278748963
584000,0.1430099429
585000,0.1504824853
586000,0.1512342022
587000,0.1511286196
588000,0.1521625022
589000,0.1544714759
590000,0.1646465157
591000,0.1725661369
592000,0.167230981
593000,0.1552418661
594000,0.139432481
595000,0.1338480028
596000,0.1545141078
597000,0.1991409991
598000,0.2687434602
599000,0.2975609642
600000,0.2872317053
601000,0.2718120356
602000,0.27075405
603000,0.2700769851
604000,0.2696833044
605000,0.2685200054
606000,0.2514279128
607000,0.2155263777
608000,0.1575376966
609000,0.1298413303
610000,0.1324135337
611000,0.1340632033
612000,0.1337934695
613000,0.1349381843
614000,0.1350509942
615000,0.13393538
616000,0.1290464676
617000,0.1210660723
618000,0.109084933
619000,0.1066727222
620000,0.1040837484
621000,0.1065942887
622000,0.1072842999
623000,0.1095919264
624000,0.1211131358
625000,0.1406727863
626000,0.1707942866
627000,0.181612498
628000,0.1818838833
629000,0.1809753973
630000,0.1812254221
631000,0.1776738067
632000,0.1768463914
633000,0.1752089651
634000,0.164581287
635000,0.1453733565
636000,0.1165656795
637000,0.1080224129
638000,0.1137076877
639000,0.127753712
640000,0.2004338302
641000,0.3358379588
642000,0.5322155087
643000,0.7879931005
644000,1.107479163
645000,1.4251209251
646000,1.6944442082
647000,1.7226013461
648000,1.7162488966
649000,1.7020812912
650000,1.640068406
651000,1.5239765273
652000,1.3322226202
653000,1.0804846817
654000,0.7630704736
655000,0.4468748871
656000,0.1786190158
657000,0.1486335495
658000,0.1508927959
659000,0.1550181858
660000,0.1526433837
661000,0.1456769426
662000,0.1459443606
663000,0.1427419302
664000,0.1394853397
665000,0.1378863817
666000,0.1368723017
667000,0.1366074514
668000,0.1348787345
669000,0.136976247
670000,0.1728704796
671000,0.219452797
672000,0.3277084832
673000,0.4778782707
674000,0.5833458712
675000,0.5830741429
676000,0.5832749726
677000,0.5858583754
678000,0.5853820395
679000,0.5796939384
680000,0.5373898875
681000,0.48194542
682000,0.3771053111
683000,0.2327756927
684000,0.1285356414
685000,0.1305638597
686000,0.1358491668
687000,0.1359771576
688000,0.1359217794
689000,0.1371900118
690000,0.1378184672
691000,0.1344344052
692000,0.1312734036
693000,0.1784886775
694000,0.2965321773
695000,0.4766904439
696000,0.7154099731
697000,1.0208354546
698000,1.3938782174
699000,1.8283339581
700000,2.3250473949
701000,2.9182825419
702000,3.538984009
703000,4.1735992914
704000,4.8080392097
705000,5.4428372578
706000,6.077940878
707000,6.7126985211
708000,7.3545222376
709000,7.9882867446
710000,7.5056524539
711000,6.9118083736
712000,6.2884279325
713000,5.6037540478
714000,4.8532081261
715000,4.0380599011
716000,3.1581439917
717000,2.2178004695
718000,1.2113440766
719000,0.156065972
720000,0.1505820978
721000,0.1519042539
722000,0.1493742515
723000,0.1439704107
724000,0.1429040799
725000,0.1487756108
726000,0.1616029087
727000,0.1792927397
728000,0.2010609825
729000,0.2111732042
730000,0.2004411977
731000,0.2118391213
732000,0.2388902197
733000,0.2809462347
734000,0.3363732
735000,0.3535114385
736000,0.3391829266
737000,0.3174583748
738000,0.2871254095
739000,0.2644326361
740000,0.2677700579
741000,0.2610886017
742000,0.2355086124
743000,0.196751153
744000,0.1412874198
745000,0.12454186
746000,0.1268356621
747000,0.1456541518
748000,0.2053948019
749000,0.300368336
750000,0.4359531013
751000,0.5983813327
752000,0.8128326961
753000,1.066948279
754000,1.3542127956
755000,1.3571216652
756000,1.3614439243
757000,1.3439089635
758000,1.2842034913
759000,1.1879749603
760000,1.0487876684
761000,0.8815777237
762000,0.6693919914
763000,0.4458937437
764000,0.2101710045
765000,0.199691512
766000,0.1946144678
767000,0.1952781815
768000,0.2030084771
769000,0.2460660966
770000,0.331365976
771000,0.4223946508
772000,0.5692081987
773000,0.7243929172
774000,0.8512758887
775000,0.8790660439
776000,0.9082446213
777000,0.9064292945
778000,0.8991879076
779000,0.8551548013
780000,0.7702292438
781000,0.6793688266
782000,0.5302808682
783000,0.3417405868
784000,0.1625251281
785000,0.1372504976
786000,0.1067835446
787000,0.1063782043
788000,0.10624926
789000,0.1072617048
790000,0.106586407
791000,0.1060816754
792000,0.1072982923
793000,0.1074937333
794000,0.1064134902
795000,0.1043776822
796000,0.1042281332
797000,0.1054208675
798000,0.1062564876
799000,0.105776476
800000,0.1225510057
801000,0.138792412
802000,0.1379901102
803000,0.1465269326
804000,0.1473357156
805000,0.146276886
806000,0.1471740719
807000,0.1566094705
808000,0.1555441102
809000,0.1561100107
810000,0.1390245218
811000,0.1233458073
812000,0.1300856519
813000,0.1252144182
814000,0.1251988887
815000,0.1257529131
816000,0.1301331825
817000,0.1267910738
818000,0.1289740974
819000,0.127942065
820000,0.1289500053
821000,0.1296295634
822000,0.1208605474
823000,0.1165121964
824000,0.1160862571
825000,0.1177083425
826000,0.1412741597
827000,0.1394787896
828000,0.1367418812
829000,0.1375400537
830000,0.1369938913
831000,0.1367604828
832000,0.1739490051
833000,0.1765728213
834000,0.1768961764
835000,0.1955604953
836000,0.2170707212
837000,0.285015306
838000,0.2874680645
839000,0.2888133251
840000,0.2885904821
841000,0.2867243121
842000,0.2497653126
843000,0.2480915964
844000,0.2477492723
845000,0.2275339788
846000,0.1801250504
847000,0.1106700172
848000,0.1122052861
849000,0.1108088812
850000,0.1156369674
851000,0.115703023
852000,0.1201077245
853000,0.1198456963
854000,0.1263554097
855000,0.1255414424
856000,0.1227110469
857000,0.1224569595
858000,0.1205775767
859000,0.1199743914
860000,0.1152192275
861000,0.1184016312
862000,0.1253274832
863000,0.1479627094
864000,0.1463960313
865000,0.1476019177
866000,0.1493254397
867000,0.1486927309
868000,0.148689716
869000,0.1531614037
870000,0.1540105717
871000,0.1517858218
872000,0.1403004931
873000,0.1518509294
874000,0.147526661
875000,0.1743432017
876000,0.2186807167
877000,0.2263590873
878000,0.2249533684
879000,0.2320951306
880000,0.2481872612
881000,0.2495617957
882000,0.2509253813
883000,0.2197363635
884000,0.2231263109
885000,0.1950558745
886000,0.1493958544
887000,0.138909833
888000,0.1394375654
889000,0.4445305747
890000,0.4301323988
891000,0.4289430252
892000,0.4289804442
893000,0.4249821687
894000,0.4264695652
895000,0.4298962378
896000,0.4304860059
897000,0.4344185531
898000,0.4467429567
899000,0.1584884881
900000,0.1561077214
901000,0.155930429
902000,0.1654540839
903000,0.1661836659
904000,0.1615287843
905000,0.1602705531
906000,0.1620353642
907000,0.1651224969
908000,0.1579081824
909000,0.1304097357
910000,0.1337456551
911000,0.1345813963
912000,0.1240127238
913000,0.1241318922
914000,0.1232665222
915000,0.1214028243
916000,0.1188704918
917000,0.1123987853
918000,0.1115321888
919000,0.1102624846
920000,0.1067561975
921000,0.1050740509
922000,0.1061145463
923000,0.1123585956
924000,0.1150792555
925000,0.1149624237
926000,0.1153200972
927000,0.1156686188
928000,0.1112602858
929000,0.1155092938
930000,0.1156084821
931000,0.1163184716
932000,0.1157963099
933000,0.1100878776
934000,0.1069273962
935000,0.1067977705
936000,0.1080577537
937000,0.1071722877
938000,0.1099372873
939000,0.1519491731
940000,0.1597426072
941000,0.2172665401
942000,0.2189690389
943000,0.249912308
944000,0.2504260372
945000,0.2544260652
946000,0.2566243553
947000,0.2565822869
948000,0.2555613031
949000,0.2096912871
950000,0.204847417
951000,0.1482124353
952000,0.1457039257
953000,0.1269840276
954000,0.1346655334
955000,0.1308718067
956000,0.1289558314
957000,0.1288029944
958000,0.1272953741
959000,0.1277030171
960000,0.1319652137
961000,0.1315322993
962000,0.1414264027
963000,0.130595968
964000,0.1233967671
965000,0.1280812154
966000,0.12683974
967000,0.1302638078
968000,0.1303187988
969000,0.1350767347
970000,0.1282971308
971000,0.1285125184
972000,0.1218485412
973000,0.119468869
974000,0.1188983217
975000,0.1159640575
976000,0.1153519055
977000,0.1121743812
978000,0.113158415
979000,0.1078562578
980000,0.107433415
981000,0.1076128801
982000,0.1368540451
983000,0.1387077471
984000,0.1419317669
985000,0.1438001984
986000,0.1451561566
987000,0.1481017962
988000,0.1459823583
989000,0.1458429857
990000,0.1572114149
991000,0.1632840876
992000,0.171648449
993000,0.1700282043
994000,0.1665304683
995000,0.1639893437
996000,0.1642456711
997000,0.1631773058
998000,0.1827934718
999000,0.1845452636
1000000,0.1738691317
1001000,0.1779210721
1002000,0.1438895548
1003000,0.1494601469
1004000,0.1519509314
1005000,0.1516936872
1006000,0.1498969224
1007000,0.1476155642
1008000,0.1285101025
1009000,0.1272693882
1010000,0.1284117032
1011000,0.1175535286
1012000,0.1106231272
1013000,0.1060393578
1014000,0.1037090807
1015000,0.1033205222
1016000,0.1065953444
1017000,0.1466835948
1018000,0.2303514457
1019000,0.2483700181
1020000,0.2488401531
1021000,0.2479446711
1022000,0.2502901523
1023000,0.2500416732
1024000,0.2560453695
1025000,0.2590558341
1026000,0.2595457387
1027000,0.2211492713
1028000,0.137724959
1029000,0.1275627766
1030000,0.1254938403
1031000,0.1273010866
1032000,0.1254223887
1033000,0.1375401992
1034000,0.1713532566
1035000,0.1754488721
1036000,0.1721124598
1037000,0.1707286098
1038000,0.1707326035
1039000,0.1621673352
1040000,0.1616392777
1041000,0.1649502541
1042000,0.1675509554
1043000,0.1546061776
1044000,0.1154654946
1045000,0.1092425905
1046000,0.1135745375
1047000,0.1309730087
1048000,0.1686416361
1049000,0.169966254
1050000,0.1740284027
1051000,0.1790255748
1052000,0.2008383267
1053000,0.2053994491
1054000,0.2055106701
1055000,0.2041916803
1056000,0.2004014799
1057000,0.192903795
1058000,0.1566088761
1059000,0.1557594456
1060000,0.1528775926
1061000,0.1451622991
1062000,0.1238207635
1063000,0.1268433182
1064000,0.1289501077
1065000,0.129563943
1066000,0.1332497871
1067000,0.1467960206
1068000,0.1480639919
1069000,0.1500558229
1070000,0.1545479629
1071000,0.1516232704
1072000,0.1482735836
1073000,0.1410028916
1074000,0.1381741385
1075000,0.140272379
1076000,0.1379649248
1077000,0.1180529184
1078000,0.1218880484
1079000,0.1223023909
1080000,0.1176781013
1081000,0.15491921
1082000,0.155319359
1083000,0.156056921
1084000,0.1594403988
1085000,0.2005738808
1086000,0.2935949543
1087000,0.431718172
1088000,0.6205637666
1089000,0.8618330421
1090000,1.1509857256
1091000,1.4649190352
1092000,1.8047098273
1093000,1.8050616928
1094000,1.809495073
1095000,1.7663079859
1096000,1.6710936709
1097000,1.5302067765
1098000,1.3364553007
1099000,1.0968589914
1100000,0.8136515447
1101000,0.4701817114
1102000,0.1298536106
1103000,0.1298421156
1104000,0.1241675949
1105000,0.1234573471
1106000,0.1269712711
1107000,0.128341198
1108000,0.1474438701
1109000,0.1427907032
1110000,0.1360072668
1111000,0.128887566
1112000,0.1305830874
1113000,0.1338043286
1114000,0.1424859576
1115000,0.1432506834
1116000,0.1399441096
1117000,0.1406050828
1118000,0.1238954176
1119000,0.1310882491
1120000,0.1342548769
1121000,0.1346341244
1122000,0.1331852302
1123000,0.1282194712
1124000,0.1220534087
1125000,0.14074008
1126000,0.1426171122
1127000,0.1403240652
1128000,0.1363330975
1129000,0.1336657105
1130000,0.1386152331
1131000,0.141629898
1132000,0.141277798
1133000,0.1413178331
1134000,0.1380036249
1135000,0.11952224
1136000,0.1212410288
1137000,0.1271605826
1138000,0.1358477746
1139000,0.1439021583
1140000,0.1357177742
1141000,0.132041057
1142000,0.1323777779
1143000,0.1329092989
1144000,0.1321712816
1145000,0.1315077449
1146000,0.1285781136
1147000,0.1219698023
1148000,0.1194604062
1149000,0.1534554897
1150000,0.1704879995
1151000,0.1717465297
1152000,0.1747327054
1153000,0.1797635528
1154000,0.1866323536
1155000,0.2080522062
1156000,0.2132409338
1157000,0.2137352772
1158000,0.2105690303
1159000,0.164536221
1160000,0.1486466665
1161000,0.1507014621
1162000,0.152301548
1163000,0.148198262
1164000,0.1403736796
1165000,0.1187214579
1166000,0.1132771289
1167000,0.113082043
1168000,0.1092932508
1169000,0.1103075028
1170000,0.1137340628
1171000,0.15814527
1172000,0.1531843843
1173000,0.1517463466
1174000,0.1524064525
1175000,0.1530118493
1176000,0.1527173386
1177000,0.182668825
1178000,0.220259234
1179000,0.2192020256
1180000,0.2147135783
1181000,0.168033139
1182000,0.1684457519
1183000,0.1706635522
1184000,0.1741264394
1185000,0.1784265089
1186000,0.1869444235
1187000,0.1575364588
1188000,0.120506296
1189000,0.1203642371
1190000,0.1440781238
1191000,0.228743957
1192000,0.3716439027
1193000,0.4625630033
1194000,0.4839737387
1195000,0.4795761308
1196000,0.4708224637
1197000,0.4716793678
1198000,0.4721041044
1199000,0.4754115552
1200000,0.4550293174
1201000,0.370810904
1202000,0.2446264703
1203000,0.2288763184
1204000,0.2307989781
1205000,0.2330834145
1206000,0.2420608914
1207000,0.2568712896
1208000,0.3169773573
1209000,0.3448981623
1210000,0.3824216276
1211000,0.4282806057
1212000,0.4594015713
1213000,0.390859438
1214000,0.3646301959
1215000,0.3623036053
1216000,0.3545833814
1217000,0.3390558953
1218000,0.2811047799
1219000,0.2537563565
1220000,0.213245138
1221000,0.1686181184
1222000,0.1206147216
1223000,0.1126474718
1224000,0.1139589264
1225000,0.1192405589
1226000,0.1223570034
1227000,0.1258604017
1228000,0.1504035086
1229000,0.1538051171
1230000,0.1542180512
1231000,0.1531094246
1232000,0.1540703629
1233000,0.1534247933
1234000,0.1509230074
1235000,0.1449502432
1236000,0.140521902
1237000,0.1379098619
1238000,0.1106350226
1239000,0.1029734653
1240000,0.1136350051
1241000,0.1147266094
1242000,0.1143313038
1243000,0.1161227763
1244000,0.1166464634
1245000,0.1180838423
1246000,0.1197996642
1247000,0.1183214263
1248000,0.1204036294
1249000,0.1212220388
1250000,0.1147624918
1251000,0.1127020814
1252000,0.1274384458
1253000,0.1970282374
1254000,0.3340920441
1255000,0.4347415483
1256000,0.456461656
1257000,0.4989193464
1258000,0.497176234
1259000,0.4993667689
1260000,0.4969890517
1261000,0.4981326309
1262000,0.4829155102
1263000,0.4131014041
1264000,0.2790376947
1265000,0.1770001975
1266000,0.1534662736
1267000,0.1112466722
1268000,0.112055974
1269000,0.1104884043
1270000,0.1076814506
1271000,0.1073299387
1272000,0.1097261476
1273000,0.1112829051
1274000,0.1078601104
1275000,0.1091540443
1276000,0.1101021941
1277000,0.1108714817
1278000,0.1116324221
1279000,0.1146613094
1280000,0.1180546258
1281000,0.1188249142
1282000,0.1171896018
1283000,0.1152843997
1284000,0.1175999537
1285000,0.1172089155
1286000,0.1182199758
1287000,0.1213501073
1288000,0.151522752
1289000,0.1555010225
1290000,0.1570330581
1291000,0.1549520167
1292000,0.1558262588
1293000,0.1544088374
1294000,0.1526004865
1295000,0.1517761503
1296000,0.1514689857
1297000,0.1551241452
1298000,0.1290009765
1299000,0.1210050079
1300000,0.1166817343
1301000,0.1171922911
1302000,0.1179360298
1303000,0.119602112
1304000,0.1211447323
1305000,0.1210100757
1306000,0.119977555
1307000,0.1132792021
1308000,0.1240585761
1309000,0.1328430112
1310000,0.1323955977
1311000,0.132916413
1312000,0.1422434599
1313000,0.1414181501
1314000,0.1411203036
1315000,0.1426127472
1316000,0.1440098075
1317000,0.1445849942
1318000,0.128665614
1319000,0.1208719928
1320000,0.1242546716
