1000,0.111542959
2000,0.0925903115
3000,0.083737737
4000,0.07835353425
5000,0.0745008872
6000,0.0676188316667
7000,0.0613864528571
8000,0.059173598125
9000,0.0572871402222
10000,0.0543919487
11000,0.0455278902
12000,0.0419754478
13000,0.0366012483
14000,0.0324673791
15000,0.0329386999
16000,0.0332157462
17000,0.0316695801
18000,0.0316590502
19000,0.0317086023
20000,0.0305372568
21000,0.029146097
22000,0.0276279198
23000,0.0296430875
24000,0.028676827
25000,0.0224077791
26000,0.0189218407
27000,0.018743907
28000,0.0146633401
29000,0.0106085332
30000,0.009223819
31000,0.0086420251
32000,0.006688914
33000,0.0036564515
34000,0.0029530862
35000,0.0030834079
36000,0.0038715808
37000,0.0049557582
38000,0.0064283974
39000,0.0079616594
40000,0.009436679
41000,0.0108694152
42000,0.0122873657
43000,0.013820462
44000,0.0151502281
45000,0.0166440932
46000,0.0174984448
47000,0.0174956965
48000,0.0204517806
49000,0.028598156
50000,0.037038342
51000,0.039451782
52000,0.0404297753
53000,0.0430241855
54000,0.0490053379
55000,0.0504136288
56000,0.0510378833
57000,0.0517735044
58000,0.0513772803
59000,0.0465263291
60000,0.0465870736
61000,0.0481352624
62000,0.0495457927
63000,0.0499773066
64000,0.0467784692
65000,0.0505294666
66000,0.0554690852
67000,0.0601397926
68000,0.0588080154
69000,0.0575479267
70000,0.0523728202
71000,0.0514794861
72000,0.0507000087
73000,0.0489889413
74000,0.0498758589
75000,0.0540882705
76000,0.0543927018
77000,0.0555744797
78000,0.0567389921
79000,0.0584586242
80000,0.0577565602
81000,0.0590967671
82000,0.0626809875
83000,0.0657972996
84000,0.0657856446
85000,0.0604160318
86000,0.0600328613
87000,0.0585347035
88000,0.0607268119
89000,0.0617346704
90000,0.0604881474
91000,0.0562828776
92000,0.0510806342
93000,0.0464851291
94000,0.0447809669
95000,0.0445239841
96000,0.0420092943
97000,0.0458396552
98000,0.0478382581
99000,0.045504056
100000,0.0488842696
101000,0.0537503448
102000,0.0574358614
103000,0.0598686183
104000,0.058726619
105000,0.0595551091
106000,0.058203837
107000,0.0498796788
108000,0.0463382993
109000,0.0492118095
110000,0.0502015812
111000,0.0490948666
112000,0.0485171709
113000,0.0542230619
114000,0.0622501943
115000,0.0644036582
116000,0.0683262575
117000,0.0725301374
118000,0.0749336557
119000,0.0764292585
120000,0.0714701584
121000,0.0668202438
122000,0.0628598902
123000,0.0555586154
124000,0.0491329093
125000,0.0420276719
126000,0.043216493
127000,0.0416822899
128000,0.0436209878
129000,0.0403122065
130000,0.0487999326
131000,0.0569867454
132000,0.0608504203
133000,0.0622050562
134000,0.0618392289
135000,0.064111762
136000,0.0597224529
137000,0.0603012608
138000,0.0562708459
139000,0.0550623185
140000,0.0458961493
141000,0.0390305439
142000,0.0419490863
143000,0.0438939991
144000,0.0432844639
145000,0.0453596371
146000,0.0512811723
147000,0.0558140231
148000,0.0626070541
149000,0.0631502063
150000,0.0658203664
151000,0.0702345897
152000,0.0711514755
153000,0.070924007
154000,0.0709475788
155000,0.0685642155
156000,0.0626937358
157000,0.0573303327
158000,0.0537360779
159000,0.0557103225
160000,0.0595651579
161000,0.0596970056
162000,0.0576968924
163000,0.0613582202
164000,0.0633405917
165000,0.0644668492
166000,0.0652146341
167000,0.0649851055
168000,0.0604714645
169000,0.0578954851
170000,0.0532107821
171000,0.0496303839
172000,0.0478591479
173000,0.0427318699
174000,0.0419916033
175000,0.04385128
176000,0.043784081
177000,0.0424743533
178000,0.0434449568
179000,0.0470191884
180000,0.0512002174
181000,0.0516864687
182000,0.0513806143
183000,0.0543898658
184000,0.0574851978
185000,0.0540991472
186000,0.0525464727
187000,0.0538336781
188000,0.0532808151
189000,0.0508202973
190000,0.0453001717
191000,0.0440552079
192000,0.0499404171
193000,0.0496539859
194000,0.0519032714
195000,0.0551146869
196000,0.0574131939
197000,0.0608218222
198000,0.0639769586
199000,0.0658151503
200000,0.0664186948
201000,0.0692471166
202000,0.0643095641
203000,0.0633284651
204000,0.0616740115
205000,0.0601256991
206000,0.0597303416
207000,0.0535402758
208000,0.0465324816
209000,0.0462447086
210000,0.0507335967
211000,0.0542735021
212000,0.0535651102
213000,0.0541655766
214000,0.0543291342
215000,0.0548267971
216000,0.0542390035
217000,0.0592950472
218000,0.0654842702
219000,0.06362658
220000,0.0581948632
221000,0.0531068077
222000,0.0536213523
223000,0.051361959
224000,0.0505233881
225000,0.0512420561
226000,0.0509687685
227000,0.047722252
228000,0.0471757198
229000,0.0461972071
230000,0.0509712413
231000,0.0519656398
232000,0.0491673831
233000,0.0470241668
234000,0.0416932771
235000,0.0387885185
236000,0.0427347533
237000,0.043772476
238000,0.0432543151
239000,0.0429133858
240000,0.0408761333
241000,0.0420890559
242000,0.0423581814
243000,0.0437755624
244000,0.0455200228
245000,0.0485157956
246000,0.0478126346
247000,0.046137864
248000,0.0457196544
249000,0.049830597
250000,0.0518571205
251000,0.0518519277
252000,0.056956193
253000,0.0580484624
254000,0.0591467415
255000,0.0548032572
256000,0.047990064
257000,0.0457487093
258000,0.0418241768
259000,0.0369388887
260000,0.0350362641
261000,0.0334635881
262000,0.0302227328
263000,0.029109364
264000,0.0259139573
265000,0.0306146049
266000,0.0372138794
267000,0.0446297872
268000,0.0504750374
269000,0.05844105
270000,0.0591154157
271000,0.0618860027
272000,0.0621412618
273000,0.0637287611
274000,0.0673114978
275000,0.0652342497
276000,0.061145997
277000,0.0563978449
278000,0.0544040391
279000,0.0520539136
280000,0.0505297863
281000,0.0474516937
282000,0.0485355812
283000,0.0476136405
284000,0.0520631386
285000,0.0551121497
286000,0.0603621526
287000,0.0618816111
288000,0.0648618719
289000,0.0617750439
290000,0.0610418649
291000,0.0603529431
292000,0.0601513619
293000,0.0601210565
294000,0.053368021
295000,0.0480846762
296000,0.0416349987
297000,0.0382340094
298000,0.0319251815
299000,0.0322278235
300000,0.0344937193
301000,0.0341710482
302000,0.0332285854
303000,0.0351417547
304000,0.0411533917
305000,0.0475210701
306000,0.0531380801
307000,0.0570077958
308000,0.0605212149
309000,0.061115368
310000,0.0578979202
311000,0.0650721802
312000,0.067578866
313000,0.0689884313
314000,0.063608526
315000,0.0585917804
316000,0.0575560052
317000,0.0560377664
318000,0.0543670188
319000,0.0541818562
320000,0.0612284373
321000,0.0576589257
322000,0.0579666404
323000,0.0564384264
324000,0.0589308542
325000,0.0660777477
326000,0.0630330951
327000,0.0640082838
328000,0.0646561129
329000,0.0663100261
330000,0.0625870206
331000,0.0613316059
332000,0.0627234634
333000,0.0665210448
334000,0.0655460835
335000,0.06081008
336000,0.0614342248
337000,0.0592950297
338000,0.0636321049
339000,0.0644679707
340000,0.0642120447
341000,0.0650623869
342000,0.0599514241
343000,0.0534220096
344000,0.052120944
345000,0.0515385762
346000,0.0533647262
347000,0.0575535013
348000,0.0528469643
349000,0.04670224
350000,0.0466491507
351000,0.0442059451
352000,0.0450749279
353000,0.0458657973
354000,0.0457823077
355000,0.0436763679
356000,0.0417967985
357000,0.0407806444
358000,0.0455802436
359000,0.0467220188
360000,0.0474270499
361000,0.048378096
362000,0.0502192347
363000,0.0533196354
364000,0.0520356758
365000,0.0559796863
366000,0.0565418308
367000,0.0545049471
368000,0.0481107723
369000,0.0466761246
370000,0.0428804398
371000,0.0433161836
372000,0.0395199178
373000,0.0365378535
374000,0.0397059348
375000,0.0395340082
376000,0.0441146861
377000,0.045298559
378000,0.0479198036
379000,0.0517214721
380000,0.0558564591
381000,0.0564227854
382000,0.0596005483
383000,0.0624779831
384000,0.0604428399
385000,0.0559972233
386000,0.0505761386
387000,0.0519529884
388000,0.0524667588
389000,0.0527334258
390000,0.0523844077
391000,0.051121762
392000,0.0505463305
393000,0.0479176175
394000,0.0534864037
395000,0.0590697216
396000,0.0576712919
397000,0.0572326911
398000,0.0582999575
399000,0.0582289954
400000,0.0615505527
401000,0.0643190655
402000,0.0641349928
403000,0.0630897353
404000,0.056693754
405000,0.0504493508
406000,0.0496328028
407000,0.0461622956
408000,0.0477791571
409000,0.0504563253
410000,0.0448355906
411000,0.0458214611
412000,0.0460466456
413000,0.0478292759
414000,0.0478903297
415000,0.0486634034
416000,0.0512300669
417000,0.0539122136
418000,0.0520775761
419000,0.0463096065
420000,0.0475451323
421000,0.0423160592
422000,0.0413574295
423000,0.0385524067
424000,0.0374769832
425000,0.0373306982
426000,0.0388508614
427000,0.0418709747
428000,0.0382634236
429000,0.0377206159
430000,0.0355530745
431000,0.0341480341
432000,0.0327560029
433000,0.0398620679
434000,0.045046102
435000,0.0467283128
436000,0.0438166587
437000,0.0398188694
438000,0.0445208693
439000,0.0493816209
440000,0.0536806236
441000,0.0538721402
442000,0.0555445176
443000,0.0541623763
444000,0.0520178598
445000,0.0511696289
446000,0.0568608686
447000,0.0607233318
448000,0.0596661522
449000,0.0614228233
450000,0.0593383575
451000,0.0625524217
452000,0.0628635045
453000,0.0599922627
454000,0.0584322102
455000,0.060894765
456000,0.0550585451
457000,0.0520120873
458000,0.048687659
459000,0.0431121041
460000,0.0409169888
461000,0.040567645
462000,0.0392165418
463000,0.0399531207
464000,0.0413083652
465000,0.0392788572
466000,0.0433070237
467000,0.045203242
468000,0.0453113836
469000,0.044196906
470000,0.0440395562
471000,0.0466107031
472000,0.0484206206
473000,0.0478512649
474000,0.0472169475
475000,0.0486720099
476000,0.0441345252
477000,0.0425858035
478000,0.0432692113
479000,0.0426454593
480000,0.0424608604
481000,0.0384668425
482000,0.0401236436
483000,0.0409147024
484000,0.0399884981
485000,0.0408549503
486000,0.0460629967
487000,0.0452512964
488000,0.0462698553
489000,0.0492765693
490000,0.049451486
491000,0.0500363403
492000,0.0453216897
493000,0.0413433648
494000,0.0402804406
495000,0.0374321052
496000,0.0335180626
497000,0.0433753908
498000,0.0426924291
499000,0.0397097889
500000,0.0386471248
501000,0.0362207038
502000,0.0353994298
503000,0.0351317477
504000,0.0346653065
505000,0.0331583114
506000,0.031205365
507000,0.020725378
508000,0.0192508342
509000,0.021998296
510000,0.0293672201
511000,0.0300930984
512000,0.0304487967
513000,0.0306883095
514000,0.0349077907
515000,0.0382087021
516000,0.0448918763
517000,0.0442231778
518000,0.0442177392
519000,0.0417281122
520000,0.0344922544
521000,0.0342324463
522000,0.037246378
523000,0.0381766607
524000,0.0361530221
525000,0.0347086035
526000,0.0298563306
527000,0.0307422039
528000,0.0379521154
529000,0.0414006344
530000,0.0487632289
531000,0.0549046054
532000,0.0553378689
533000,0.0572845797
534000,0.0563597014
535000,0.0561664021
536000,0.056565168
537000,0.0547446103
538000,0.0470870552
539000,0.0447640112
540000,0.0427864922
541000,0.0397330784
542000,0.0368179764
543000,0.0351601967
544000,0.040286199
545000,0.0416165251
546000,0.0437388762
547000,0.0466949921
548000,0.0499113434
549000,0.0514994869
550000,0.0463957274
551000,0.048335767
552000,0.0487766201
553000,0.0471628603
554000,0.0407290882
555000,0.0386505456
556000,0.0343238964
557000,0.0327568382
558000,0.0296383684
559000,0.0293975545
560000,0.0319944065
561000,0.0277495038
562000,0.0268761152
563000,0.0272899475
564000,0.0332342722
565000,0.0329068771
566000,0.0326380766
567000,0.0351544892
568000,0.0369341574
569000,0.0375237152
570000,0.0345830388
571000,0.0342568665
572000,0.0364618418
573000,0.0368188159
574000,0.0385025851
575000,0.0430926869
576000,0.0471810845
577000,0.0475679258
578000,0.0494355232
579000,0.0541105047
580000,0.0578347625
581000,0.0606056938
582000,0.0606357335
583000,0.0604600496
584000,0.056781825
585000,0.0547413088
586000,0.0558120303
587000,0.0537844359
588000,0.0518654158
589000,0.0440118466
590000,0.0402091444
591000,0.0373081182
592000,0.0415212054
593000,0.0496840437
594000,0.0493415535
595000,0.0483104556
596000,0.0439558944
597000,0.0411639434
598000,0.0390569357
599000,0.0431111788
600000,0.0518554801
601000,0.0555464138
602000,0.0500640629
603000,0.0492483176
604000,0.0518725649
605000,0.0517065824
606000,0.0517670096
607000,0.0522309988
608000,0.0520162249
609000,0.0524467099
610000,0.0481135244
611000,0.0488053562
612000,0.052052765
613000,0.0494073607
614000,0.0464129399
615000,0.0485611413
616000,0.0492759965
617000,0.0510316915
618000,0.0543310212
619000,0.0532553683
620000,0.0557521582
621000,0.0563798406
622000,0.0560029868
623000,0.0537253757
624000,0.0507793473
625000,0.0469501496
626000,0.0458279689
627000,0.0465491996
628000,0.049774748
629000,0.0519982647
630000,0.0529590505
631000,0.0538939666
632000,0.0561452839
633000,0.0558650712
634000,0.0608445929
635000,0.0638901274
636000,0.0654548369
637000,0.0633888861
638000,0.0585313201
639000,0.0542003088
640000,0.0463645051
641000,0.0397612978
642000,0.0331849539
643000,0.030526043
644000,0.0253179955
645000,0.0231570214
646000,0.0234401652
647000,0.0261488705
648000,0.0285069281
649000,0.0297399954
650000,0.0301320858
651000,0.0306402829
652000,0.0352530987
653000,0.0380320544
654000,0.0472758707
655000,0.0516831463
656000,0.0554890198
657000,0.0545578629
658000,0.0546555803
659000,0.0558751316
660000,0.0584173096
661000,0.0600283486
662000,0.0581416126
663000,0.0588861721
664000,0.0567580268
665000,0.0587451977
666000,0.0561711584
667000,0.0599311677
668000,0.0622324931
669000,0.0656221029
670000,0.0639154515
671000,0.0634972343
672000,0.0611965912
673000,0.058176483
674000,0.0522514278
675000,0.0519424917
676000,0.0520074413
677000,0.05050129
678000,0.0462688656
679000,0.0447562682
680000,0.0464430493
681000,0.0464918946
682000,0.0490231925
683000,0.0529803751
684000,0.0616046345
685000,0.0568831627
686000,0.0596494867
687000,0.0572217031
688000,0.0600169576
689000,0.0565611585
690000,0.0566023443
691000,0.0594117514
692000,0.0584856263
693000,0.0541838136
694000,0.0445745881
695000,0.0422619368
696000,0.0358594517
697000,0.032896693
698000,0.0275664034
699000,0.0248317791
700000,0.0214772806
701000,0.0164948587
702000,0.014080911
703000,0.013646847
704000,0.0133832134
705000,0.013198095
706000,0.0134872175
707000,0.0137867102
708000,0.0140868573
709000,0.0143733352
710000,0.0189206854
711000,0.0274484462
712000,0.0331120395
713000,0.0359854139
714000,0.0419223768
715000,0.0454595559
716000,0.0500929395
717000,0.0529650231
718000,0.0560197415
719000,0.0573337347
720000,0.056541583
721000,0.0522771371
722000,0.0522446526
723000,0.057074432
724000,0.058346986
725000,0.0558037611
726000,0.0510044482
727000,0.0473954428
728000,0.0433003485
729000,0.0446374298
730000,0.046800477
731000,0.0426347479
732000,0.0365710889
733000,0.0282902123
734000,0.0201221787
735000,0.0226501761
736000,0.0310613578
737000,0.0341396959
738000,0.0399308727
739000,0.0390970119
740000,0.0341781716
741000,0.0350764197
742000,0.0436894804
743000,0.0490831585
744000,0.0513974771
745000,0.0485006774
746000,0.0464272082
747000,0.0469289817
748000,0.0433449296
749000,0.0425030623
750000,0.0423880608
751000,0.0423792035
752000,0.0348631246
753000,0.0306223959
754000,0.0295866858
755000,0.0349034534
756000,0.0321027912
757000,0.0330708561
758000,0.0371322876
759000,0.0412490101
760000,0.0433777593
761000,0.0428409346
762000,0.0447677147
763000,0.043591194
764000,0.0438018832
765000,0.0410674884
766000,0.0387228641
767000,0.0354156142
768000,0.0338445154
769000,0.0302944201
770000,0.0283564325
771000,0.0294966097
772000,0.0280103637
773000,0.0293390154
774000,0.0305763838
775000,0.0345635359
776000,0.0369600081
777000,0.0426287207
778000,0.0449900616
779000,0.0451333627
780000,0.0469413846
781000,0.0495714338
782000,0.0533083636
783000,0.0561250314
784000,0.0554320511
785000,0.0555142961
786000,0.0587083142
787000,0.0602394524
788000,0.0591545076
789000,0.0611625169
790000,0.0628840953
791000,0.0644993753
792000,0.0636231604
793000,0.0651932387
794000,0.0670823902
795000,0.0603543806
796000,0.0575085335
797000,0.052704263
798000,0.0543161507
799000,0.0532983716
800000,0.0494537933
801000,0.0491473842
802000,0.0495400519
803000,0.0463768129
804000,0.0496075388
805000,0.0558672817
806000,0.0558795521
807000,0.0553708527
808000,0.0558313281
809000,0.0587051246
810000,0.0638812105
811000,0.0622501775
812000,0.0585901648
813000,0.0575975598
814000,0.0529224248
815000,0.0518725239
816000,0.0501282339
817000,0.0489996372
818000,0.0477543979
819000,0.0486826877
820000,0.0442821773
821000,0.0453473228
822000,0.0509650373
823000,0.0577014891
824000,0.0623610829
825000,0.0605687216
826000,0.058894736
827000,0.0622439949
828000,0.0606095874
829000,0.0586383079
830000,0.0596261925
831000,0.0565012909
832000,0.0534395631
833000,0.049543767
834000,0.0513395732
835000,0.0484712479
836000,0.0486239222
837000,0.0449111304
838000,0.046861319
839000,0.0487644784
840000,0.0529079519
841000,0.0567644986
842000,0.0590278717
843000,0.0587250112
844000,0.0549485883
845000,0.0573491971
846000,0.0587558863
847000,0.0609830415
848000,0.0588560318
849000,0.0567043102
850000,0.055296127
851000,0.0577078981
852000,0.0551326722
853000,0.054699673
854000,0.0547958762
855000,0.0574397279
856000,0.0601785019
857000,0.0592325964
858000,0.0583349781
859000,0.0576037377
860000,0.057134103
861000,0.0506821719
862000,0.0475824534
863000,0.0442912732
864000,0.046081225
865000,0.043795093
866000,0.0456787112
867000,0.0501663487
868000,0.0521204991
869000,0.0515805072
870000,0.0538726494
871000,0.0574358317
872000,0.0653247053
873000,0.0702866677
874000,0.0707734335
875000,0.0674943175
876000,0.0615903627
877000,0.0585512957
878000,0.0585823689
879000,0.0572965062
880000,0.0511169442
881000,0.0543984874
882000,0.0487589977
883000,0.0454801054
884000,0.0407114209
885000,0.0477335792
886000,0.0535224383
887000,0.057893099
888000,0.0561697202
889000,0.0550430202
890000,0.0540793498
891000,0.0486665283
892000,0.0508669364
893000,0.056080661
894000,0.0582630325
895000,0.0560688786
896000,0.0516005554
897000,0.0454273403
898000,0.0448341505
899000,0.0483269581
900000,0.0554232758
901000,0.0574387115
902000,0.0590563123
903000,0.0568052726
904000,0.0533427514
905000,0.0474993779
906000,0.0449654886
907000,0.0441817588
908000,0.0442766867
909000,0.0440222317
910000,0.0423843637
911000,0.0432441903
912000,0.0462803639
913000,0.0489223246
914000,0.0544984855
915000,0.0590344672
916000,0.0670568558
917000,0.0699193366
918000,0.0702896617
919000,0.0725844817
920000,0.0749955892
921000,0.0727535605
922000,0.0667644702
923000,0.0602663878
924000,0.0587998945
925000,0.0649028982
926000,0.0659821625
927000,0.0670635366
928000,0.0685617908
929000,0.0664870721
930000,0.0659232436
931000,0.0684318859
932000,0.0704571074
933000,0.0757641135
934000,0.077485992
935000,0.0707399034
936000,0.0676204471
937000,0.0691044557
938000,0.0694680524
939000,0.0658460802
940000,0.0624523213
941000,0.0618124062
942000,0.0611392798
943000,0.0567288238
944000,0.0555932347
945000,0.0546271175
946000,0.0532806646
947000,0.0524977366
948000,0.0495720174
949000,0.0519328666
950000,0.0529282721
951000,0.0507223768
952000,0.052813449
953000,0.0543679325
954000,0.0517965454
955000,0.0574167822
956000,0.0570588661
957000,0.0593131751
958000,0.0610434871
959000,0.0637892565
960000,0.0620110037
961000,0.063410592
962000,0.0595249163
963000,0.0631911096
964000,0.0634288292
965000,0.0601551239
966000,0.0606735481
967000,0.0561517488
968000,0.0563133067
969000,0.0543350675
970000,0.0563860767
971000,0.0575018911
972000,0.0593713745
973000,0.0594065738
974000,0.0618684298
975000,0.0596166849
976000,0.0603391711
977000,0.0607881466
978000,0.0575488715
979000,0.0585249555
980000,0.0578623671
981000,0.0559763355
982000,0.0520065829
983000,0.0477255688
984000,0.043460127
985000,0.0421061358
986000,0.0415809954
987000,0.0421609655
988000,0.0498796417
989000,0.0500539041
990000,0.047385573
991000,0.0449163892
992000,0.0455002648
993000,0.0500595174
994000,0.0539134762
995000,0.0561402818
996000,0.0581700996
997000,0.0556017481
998000,0.0478400321
999000,0.044262712
1000000,0.0441237326
1001000,0.0440480482
1002000,0.046740156
1003000,0.0431054717
1004000,0.0406929542
1005000,0.0420036397
1006000,0.0400459952
1007000,0.0442726543
1008000,0.0445380117
1009000,0.0461067939
1010000,0.0480602691
1011000,0.0507907141
1012000,0.0524072587
1013000,0.0529906367
1014000,0.0560165051
1015000,0.056494301
1016000,0.0555730235
1017000,0.0502048096
1018000,0.0503267531
1019000,0.0500580457
1020000,0.0518990923
1021000,0.0533486658
1022000,0.0550207252
1023000,0.0547550401
1024000,0.050821585
1025000,0.0485193685
1026000,0.0483491247
1027000,0.052727978
1028000,0.0573641011
1029000,0.058460417
1030000,0.0580977068
1031000,0.0563318018
1032000,0.0562305469
1033000,0.0547468035
1034000,0.0535924042
1035000,0.056489066
1036000,0.0570132545
1037000,0.0582449374
1038000,0.0599452738
1039000,0.0653616676
1040000,0.0681083301
1041000,0.0658147004
1042000,0.0636564147
1043000,0.063877281
1044000,0.0656562882
1045000,0.0615578542
1046000,0.0573057433
1047000,0.0531206655
1048000,0.0489571975
1049000,0.0431772595
1050000,0.038407915
1051000,0.0397003601
1052000,0.0375646724
1053000,0.0388545899
1054000,0.0417779762
1055000,0.0473658812
1056000,0.0532497115
1057000,0.0542524696
1058000,0.0548355932
1059000,0.055355407
1060000,0.0541798731
1061000,0.0554686227
1062000,0.0534982559
1063000,0.0497496357
1064000,0.0523765583
1065000,0.0534265467
1066000,0.0505614248
1067000,0.0488484311
1068000,0.0507693412
1069000,0.0512311893
1070000,0.053389804
1071000,0.0538973313
1072000,0.0592718068
1073000,0.0636377431
1074000,0.0604329116
1075000,0.0569945053
1076000,0.0600420216
1077000,0.0602834149
1078000,0.0557615975
1079000,0.0575654443
1080000,0.0588569991
1081000,0.0600887772
1082000,0.0608395386
1083000,0.0647028652
1084000,0.0638938434
1085000,0.0602114555
1086000,0.0553748463
1087000,0.054101834
1088000,0.0529964147
1089000,0.0474516446
1090000,0.0429458579
1091000,0.0375454766
1092000,0.0328105435
1093000,0.0289227916
1094000,0.0287717042
1095000,0.0300552233
1096000,0.0370795064
1097000,0.0414059692
1098000,0.0425502767
1099000,0.0433352651
1100000,0.0454328179
1101000,0.0504704136
1102000,0.0536173313
1103000,0.050598976
1104000,0.0482876057
1105000,0.0521645627
1106000,0.0482352425
1107000,0.0457346073
1108000,0.0462409523
1109000,0.0507495819
1110000,0.0515076107
1111000,0.0502568054
1112000,0.0477730793
1113000,0.0472953686
1114000,0.0457537379
1115000,0.0460752458
1116000,0.0449823831
1117000,0.0440167663
1118000,0.0432998905
1119000,0.0382642729
1120000,0.0396828045
1121000,0.0409947705
1122000,0.0445810565
1123000,0.0473048313
1124000,0.0500814328
1125000,0.0475166376
1126000,0.0472608732
1127000,0.0493464278
1128000,0.0530576452
1129000,0.0543012211
1130000,0.0507424985
1131000,0.0514455691
1132000,0.0528647702
1133000,0.055365441
1134000,0.0581826369
1135000,0.0560192421
1136000,0.0538691655
1137000,0.050210446
1138000,0.0444523054
1139000,0.0420646545
1140000,0.0443216007
1141000,0.0408184044
1142000,0.0363305073
1143000,0.0335590165
1144000,0.0305019136
1145000,0.0327522361
1146000,0.0389963613
1147000,0.0453840206
1148000,0.0489489982
1149000,0.0500736747
1150000,0.0500449073
1151000,0.0494178248
1152000,0.047070793
1153000,0.0447401813
1154000,0.0430638196
1155000,0.0393293786
1156000,0.0354112085
1157000,0.0367905678
1158000,0.0374079345
1159000,0.0407809926
1160000,0.042899339
1161000,0.0430923547
1162000,0.0479144725
1163000,0.0550614556
1164000,0.0599482363
1165000,0.0683602979
1166000,0.0705814592
1167000,0.0692936896
1168000,0.0713088662
1169000,0.0704549353
1170000,0.0658979218
1171000,0.0682882824
1172000,0.069123212
1173000,0.0636228124
1174000,0.0611453593
1175000,0.0564922875
1176000,0.0588168632
1177000,0.0534607036
1178000,0.0525679383
1179000,0.0534397633
1180000,0.0641314859
1181000,0.0661298041
1182000,0.0668897833
1183000,0.0686020669
1184000,0.0669134131
1185000,0.0636023905
1186000,0.0576501317
1187000,0.0623852884
1188000,0.0619518561
1189000,0.0612582343
1190000,0.0490451089
1191000,0.0413504237
1192000,0.033087164
1193000,0.030051847
1194000,0.0346818911
1195000,0.0392788344
1196000,0.042415745
1197000,0.0433544872
1198000,0.0434915547
1199000,0.0420910184
1200000,0.0458968861
1201000,0.0501259124
1202000,0.0533997295
1203000,0.0522702866
1204000,0.051279076
1205000,0.050016898
1206000,0.0467687059
1207000,0.0406638951
1208000,0.0373567234
1209000,0.035950754
1210000,0.0330033392
1211000,0.0302880227
1212000,0.028974285
1213000,0.0355512962
1214000,0.0343643769
1215000,0.034688566
1216000,0.0384698713
1217000,0.0441096493
1218000,0.0461076465
1219000,0.0492994329
1220000,0.0547577489
1221000,0.058803996
1222000,0.062380525
1223000,0.0573155918
1224000,0.0546944627
1225000,0.0505284102
1226000,0.0463298365
1227000,0.0427388767
1228000,0.0414169479
1229000,0.0447287155
1230000,0.0439429406
1231000,0.0451778808
1232000,0.0451430077
1233000,0.0458008386
1234000,0.0518489463
1235000,0.0553184074
1236000,0.0594930967
1237000,0.0594851266
1238000,0.0638743599
1239000,0.0615473183
1240000,0.0584426047
1241000,0.0624120776
1242000,0.0623761023
1243000,0.0652514654
1244000,0.0670514595
1245000,0.0676840689
1246000,0.0644688174
1247000,0.0671901417
1248000,0.0648180374
1249000,0.0640002438
1250000,0.0644107022
1251000,0.0592989485
1252000,0.0559317745
1253000,0.0512286505
1254000,0.0421857314
1255000,0.0414645124
1256000,0.0409747305
1257000,0.0370328551
1258000,0.039638634
1259000,0.0432213387
1260000,0.041585116
1261000,0.0435119537
1262000,0.0466269729
1263000,0.0481322819
1264000,0.051198106
1265000,0.0546670848
1266000,0.0581418546
1267000,0.0594438577
1268000,0.0572170451
1269000,0.05099236
1270000,0.0575209009
1271000,0.0521762389
1272000,0.0491084952
1273000,0.0486701379
1274000,0.0500033821
1275000,0.0439610199
1276000,0.0465545886
1277000,0.0472540322
1278000,0.0476558494
1279000,0.0475092876
1280000,0.0450449429
1281000,0.048305729
1282000,0.0495578117
1283000,0.0511262518
1284000,0.0492898272
1285000,0.0493210388
1286000,0.047632649
1287000,0.0452387798
1288000,0.0411373749
1289000,0.0402406648
1290000,0.03836129
1291000,0.0418944424
1292000,0.0474331847
1293000,0.0520547976
1294000,0.0570023341
1295000,0.063364543
1296000,0.0597849032
1297000,0.0614586127
1298000,0.0650766778
1299000,0.0706676507
1300000,0.0714045763
1301000,0.0682880958
1302000,0.0633508437
1303000,0.0609216538
1304000,0.058683345
1305000,0.0609450203
1306000,0.0654907613
1307000,0.0677165345
1308000,0.0660745627
1309000,0.0700206211
1310000,0.071547609
1311000,0.0706276117
1312000,0.0699076044
1313000,0.070601968
1314000,0.0689784276
1315000,0.0603737056
1316000,0.0560554687
1317000,0.0563966314
1318000,0.0554103204
1319000,0.0482380901
1320000,0.0441148056
