1000,3607.94239161
2000,3965.79150523
3000,4012.72899454
4000,4224.60976552
5000,4329.48512163
6000,4383.23323697
7000,4366.34121152
8000,4382.7242162
9000,4371.45749723
10000,4299.93641397
11000,4276.87119431
12000,4275.17719405
13000,4218.31555059
14000,4060.11796953
15000,4158.10404804
16000,4149.25323192
17000,4106.71737368
18000,4238.16047107
19000,4381.49129863
20000,4465.44499981
21000,4490.43221464
22000,4431.31249709
23000,4341.25294416
24000,4184.30697463
25000,3679.37206947
26000,3270.80617497
27000,2927.3661548
28000,2539.0702069
29000,2054.39285567
30000,1660.78193576
31000,1339.37099138
32000,1000.6024874
33000,763.965240905
34000,615.254777212
35000,567.535605044
36000,537.700247113
37000,513.290287815
38000,335.039989973
39000,261.647832856
40000,217.793600999
41000,187.967195245
42000,165.88281774
43000,148.798425293
44000,136.012478382
45000,124.678510977
46000,115.160907836
47000,107.052250688
48000,103.453690908
49000,404.18141732
50000,1070.79507543
51000,1687.61572984
52000,2211.8865292
53000,2705.8254413
54000,3360.85518549
55000,3758.68596134
56000,4001.74679601
57000,4190.43062356
58000,4347.02143696
59000,4223.99368441
60000,3916.38204618
61000,3934.67736964
62000,3973.64985712
63000,4035.57571585
64000,3751.84178116
65000,4002.22717161
66000,4369.36491291
67000,4827.71107848
68000,5127.60409909
69000,5270.60502941
70000,5554.20225748
71000,5499.90254179
72000,5556.16412044
73000,5617.99725729
74000,5896.96767666
75000,5899.18986755
76000,5894.26674503
77000,5905.00828811
78000,5763.21498411
79000,6089.03207797
80000,5979.63748112
81000,6018.95072306
82000,6054.24343985
83000,6093.1757174
84000,6044.61005845
85000,6041.62230734
86000,5705.58601567
87000,5693.93722651
88000,5979.72255929
89000,5872.09955262
90000,5819.91571642
91000,5415.22825215
92000,4894.07038248
93000,4326.17078026
94000,3896.56793128
95000,3823.8572725
96000,4099.34869149
97000,4068.12139151
98000,4089.46614981
99000,3985.79289815
100000,4152.88506271
101000,4588.53842411
102000,5016.51479038
103000,5538.33417973
104000,5904.90525364
105000,5893.76026385
106000,5916.52949315
107000,5707.63651625
108000,5467.13647398
109000,5580.32462282
110000,5580.90101305
111000,5308.8258847
112000,5388.73430657
113000,5400.66889574
114000,5521.77353027
115000,5614.92488973
116000,5526.69381527
117000,5758.6814907
118000,5847.05384499
119000,5699.82681746
120000,5534.59634707
121000,5678.902839
122000,5485.44575341
123000,5284.8954424
124000,5242.68061361
125000,5095.74280762
126000,5107.56148301
127000,5056.45551042
128000,5181.35181238
129000,5313.59403437
130000,5476.78099127
131000,5560.67215197
132000,5755.2869554
133000,5967.35080001
134000,5964.14501762
135000,5664.01768443
136000,5757.19467945
137000,5766.03609512
138000,5749.78976113
139000,5517.76650972
140000,4984.88300939
141000,4449.34077092
142000,4122.50211821
143000,4118.28653229
144000,4074.6009072
145000,4399.40718718
146000,4477.54044852
147000,4546.33319698
148000,4626.26925104
149000,4904.95274204
150000,5376.41050464
151000,5877.02659755
152000,6214.15100346
153000,6210.10858353
154000,6225.67129176
155000,6226.54632671
156000,6076.67116579
157000,6032.34066289
158000,6013.45539545
159000,6052.28725224
160000,6088.47759087
161000,6083.86487728
162000,6008.05354126
163000,6017.65315244
164000,6069.73038047
165000,6190.60122943
166000,6264.278702
167000,6261.59152079
168000,6204.74277246
169000,6137.52497971
170000,6081.30898158
171000,6038.36685184
172000,6065.12752317
173000,6036.99160149
174000,6018.5773492
175000,5982.230179
176000,5998.24178081
177000,5926.72473243
178000,5845.85459756
179000,5907.29151515
180000,5840.68319086
181000,5753.27070014
182000,5446.60516062
183000,5476.02321103
184000,5487.49406442
185000,5492.71994572
186000,5440.98932435
187000,5517.53771386
188000,5653.12415909
189000,5605.92689341
190000,5524.47940921
191000,5423.88686693
192000,5565.71923559
193000,5575.1233947
194000,5617.50845374
195000,5621.0409415
196000,5652.93763237
197000,5651.67674924
198000,5654.09980438
199000,5729.09393241
200000,5858.62902762
201000,6141.73514547
202000,6301.52680563
203000,6287.32826503
204000,6275.48651109
205000,6260.44221036
206000,6300.97561388
207000,6151.90692649
208000,5751.15954412
209000,5422.89813662
210000,5528.30121432
211000,5570.66394441
212000,5595.95531112
213000,5599.96964072
214000,5567.48802591
215000,5339.11600543
216000,5340.38489057
217000,5524.68160843
218000,5914.14114861
219000,6146.24886952
220000,5710.32041732
221000,5278.31850174
222000,5042.09941558
223000,5046.53571925
224000,5065.54092867
225000,5266.48202171
226000,5268.71055663
227000,5186.17560552
228000,4773.5710994
229000,4740.45178408
230000,5050.97650756
231000,5395.48959625
232000,5450.9135803
233000,5154.87444282
234000,4796.53942191
235000,4509.54828296
236000,4490.91444373
237000,4393.83622871
238000,4653.18041414
239000,4471.97638002
240000,4261.09536779
241000,4266.35776906
242000,4349.33536989
243000,4638.84604993
244000,4969.99978399
245000,5170.84978226
246000,4695.2925429
247000,4722.49184902
248000,4736.7083816
249000,4830.64414286
250000,5159.536414
251000,5208.28363886
252000,5317.5928425
253000,5317.13683005
254000,5303.7257523
255000,5312.82992399
256000,5608.43860065
257000,5466.59558454
258000,5326.44650959
259000,5409.85673816
260000,5264.30396214
261000,5239.5954654
262000,5212.46575087
263000,5109.59870605
264000,4724.18893306
265000,4813.61195916
266000,4926.4233707
267000,5167.68778764
268000,5458.37100285
269000,5529.67619379
270000,5595.95939008
271000,5609.93176618
272000,5561.14853897
273000,5562.10422888
274000,5935.13964149
275000,5916.26988859
276000,5900.08402977
277000,5787.90704938
278000,5694.2515108
279000,5706.31222372
280000,5620.83971047
281000,5559.70720546
282000,5606.81594363
283000,5683.9431436
284000,5653.49930217
285000,5718.82183049
286000,5852.02817179
287000,6010.44775507
288000,6108.7923823
289000,6113.91361475
290000,5928.73621627
291000,5499.22914144
292000,5073.30559045
293000,5098.398853
294000,5034.8458854
295000,4792.58695097
296000,4475.29705701
297000,4116.57361042
298000,3730.61720957
299000,3485.78679963
300000,3827.32441029
301000,4251.61351421
302000,4624.49577377
303000,4586.01054327
304000,4705.68657073
305000,4958.4063744
306000,5257.5964492
307000,5467.86499475
308000,5840.73588008
309000,6123.21945368
310000,6098.87620614
311000,6193.45325932
312000,6275.73500672
313000,6339.35411256
314000,6316.09796684
315000,6114.56741409
316000,6099.99390702
317000,6164.72974139
318000,6052.56854434
319000,6054.41044456
320000,6045.68467938
321000,6026.08933495
322000,6005.85310476
323000,5982.30473746
324000,5984.15354236
325000,6178.12173403
326000,6164.97974558
327000,6187.99703005
328000,6233.6577129
329000,6206.00151098
330000,6133.21492794
331000,6015.82187675
332000,6011.76417126
333000,5991.75642184
334000,5917.56850095
335000,5663.23503181
336000,5662.88679957
337000,5637.64806501
338000,5664.00113661
339000,5711.1117121
340000,5814.53956988
341000,5758.83410826
342000,5403.43180264
343000,5376.75040808
344000,5359.06415093
345000,5607.56219438
346000,5631.79977075
347000,5507.24615497
348000,5226.77264856
349000,4754.6367506
350000,4354.25117036
351000,4145.50616335
352000,4473.8280972
353000,4422.63172916
354000,4472.42200583
355000,4376.58858539
356000,4331.80936182
357000,4424.08862502
358000,4649.4116584
359000,5038.53304687
360000,5394.94189598
361000,5780.03387529
362000,5845.41372517
363000,5931.59094636
364000,5915.48352316
365000,5975.31405545
366000,5980.07046897
367000,5964.78281177
368000,5851.78983259
369000,5636.78459811
370000,5379.13339155
371000,5322.19885957
372000,5280.25309214
373000,5197.44936516
374000,5223.77893965
375000,5245.45001248
376000,5302.43607417
377000,5351.51726037
378000,5502.99467131
379000,5633.29607526
380000,5923.58241713
381000,5935.13332749
382000,5972.79139612
383000,5995.61459151
384000,6063.01464988
385000,5986.89479839
386000,5933.70584978
387000,6012.57347364
388000,6021.43367807
389000,6150.00563066
390000,5713.13404697
391000,5757.15369456
392000,5710.2777236
393000,5752.14552039
394000,5750.55671374
395000,5840.15321095
396000,5807.42691522
397000,5740.95055023
398000,5729.5050955
399000,5745.50394396
400000,6197.97491495
401000,5634.06219138
402000,5670.94241314
403000,5720.94468874
404000,5713.68989596
405000,5626.78367517
406000,5576.2719412
407000,5601.8160331
408000,5641.02652527
409000,5645.75904851
410000,5566.64577006
411000,6133.42506394
412000,6093.16248254
413000,6002.8136021
414000,5960.61444937
415000,5916.00723686
416000,5941.31482741
417000,5912.52328456
418000,5846.07641077
419000,5579.46043926
420000,5609.25448042
421000,5393.38599087
422000,5412.8460986
423000,5392.57192784
424000,5321.77293717
425000,5259.78512138
426000,5058.72375192
427000,5049.86824594
428000,4680.99587718
429000,4399.77160491
430000,3880.92544873
431000,3508.37198099
432000,2930.26731078
433000,2757.63053654
434000,2891.17543476
435000,2959.70110657
436000,3005.47991149
437000,2835.02437561
438000,3297.01385934
439000,3870.55936496
440000,4441.15439825
441000,4597.16117888
442000,4863.93776164
443000,5095.14705391
444000,4882.78969666
445000,4837.65137428
446000,4975.30717679
447000,5211.20206196
448000,5201.03201457
449000,5184.97499703
450000,5192.86890568
451000,5588.70316861
452000,5914.55837113
453000,5918.68429718
454000,6038.69709146
455000,6196.44971901
456000,5857.28789025
457000,5844.1788748
458000,5565.13743425
459000,5552.12867847
460000,5468.57271963
461000,5377.54814865
462000,5342.82727552
463000,5262.14866664
464000,5298.90972332
465000,5175.47041511
466000,5552.64802547
467000,5083.21229535
468000,5034.9529834
469000,4599.81829879
470000,4194.79514296
471000,4109.67806837
472000,4099.92952306
473000,4149.80104881
474000,4165.28771727
475000,4251.78267095
476000,4224.76507543
477000,4701.09750493
478000,4985.43665346
479000,5303.47617145
480000,5679.60627809
481000,5842.91229665
482000,5866.583016
483000,5932.15126019
484000,5892.82282897
485000,5889.46649929
486000,6003.92129106
487000,5863.90057725
488000,5926.66894717
489000,5926.05743268
490000,5717.84646186
491000,5585.09706955
492000,5297.41064562
493000,4881.33407534
494000,4491.38978963
495000,4077.39447608
496000,3975.05751008
497000,3913.93315167
498000,3706.22464835
499000,3286.43199855
500000,3013.86013783
501000,2601.16251075
502000,2303.56224936
503000,2098.08998446
504000,1937.1068174
505000,1775.93683436
506000,1240.33246447
507000,846.220252887
508000,864.709018158
509000,1188.61618618
510000,1686.42234127
511000,2096.89429258
512000,2397.42835927
513000,2632.08955843
514000,3004.9081538
515000,3587.79910022
516000,4162.99533158
517000,4660.20444117
518000,4648.97054784
519000,4625.65766142
520000,4419.74824299
521000,4282.85367099
522000,4563.85960859
523000,4903.78678902
524000,5073.15788374
525000,5046.70646153
526000,4916.01344947
527000,4784.26763512
528000,4981.64544505
529000,5158.45722455
530000,5461.18098041
531000,5799.10500409
532000,5822.93037036
533000,5775.81048675
534000,5600.46056191
535000,5376.30468431
536000,5268.02696464
537000,5242.12063555
538000,4889.5383591
539000,4596.52330032
540000,4571.9262137
541000,4460.08103359
542000,4018.74539564
543000,3560.79634172
544000,3797.80199267
545000,3855.5797494
546000,4059.9767182
547000,4244.20668273
548000,4537.5994756
549000,4730.2069598
550000,4472.5057838
551000,4398.25866737
552000,4521.51038512
553000,4531.17413465
554000,3951.72530762
555000,3595.87364548
556000,3072.69423799
557000,2546.27387897
558000,1978.24113003
559000,1528.84837501
560000,1772.72368301
561000,1858.22808909
562000,2026.74543963
563000,2336.59270585
564000,2839.29410714
565000,2988.3374915
566000,3059.23070053
567000,3376.45793941
568000,3958.24545975
569000,4460.60977665
570000,4073.09159603
571000,3878.25828901
572000,4022.31728798
573000,4204.72993439
574000,4267.89167514
575000,4699.50309346
576000,5202.17438172
577000,5472.62590703
578000,5526.17214822
579000,5644.50877389
580000,6056.2159948
581000,6135.56511219
582000,5952.19218568
583000,5712.58814843
584000,5413.99818745
585000,5197.23562101
586000,5178.54281924
587000,5184.88241252
588000,5138.53427687
589000,5043.50046502
590000,4785.31504758
591000,4670.53856077
592000,4814.99908631
593000,5091.99468756
594000,5419.10460496
595000,5556.06279125
596000,5230.74327665
597000,4767.03327586
598000,4266.31833718
599000,3919.03777382
600000,4183.35406922
601000,4518.69644444
602000,4557.1313584
603000,4594.31233767
604000,4604.49485053
605000,4651.56323662
606000,4873.57509022
607000,5115.51841644
608000,5359.6590613
609000,5678.50444361
610000,5578.58558607
611000,5514.40256784
612000,5525.78406276
613000,5473.721169
614000,5472.99022601
615000,5518.45741818
616000,5671.07962473
617000,5865.66574844
618000,6138.08379921
619000,6207.87700153
620000,6311.33961655
621000,6232.68574653
622000,6206.96508394
623000,6127.94257226
624000,5846.84141877
625000,5482.45796818
626000,5059.67838139
627000,4822.04603781
628000,4808.0294985
629000,4846.06830924
630000,4830.34124735
631000,4945.30498043
632000,4973.43458195
633000,5019.46050045
634000,5262.13197314
635000,5605.89433876
636000,5975.51041319
637000,6136.74742534
638000,5968.8855671
639000,5666.22533413
640000,5137.75680252
641000,4567.80054225
642000,3967.67547675
643000,3412.72534192
644000,2826.69219717
645000,2227.41072368
646000,1673.95942679
647000,1361.05119299
648000,1560.50696945
649000,1877.48282706
650000,2147.08092358
651000,2367.82640793
652000,2817.2576412
653000,3260.22641838
654000,3778.45256603
655000,4318.44360534
656000,4843.31266448
657000,5213.3147285
658000,5126.83171575
659000,4978.09534245
660000,5013.03658733
661000,5081.83622873
662000,5078.56074161
663000,5175.50746558
664000,5303.99751312
665000,5369.70253598
666000,5404.83754339
667000,5420.72009828
668000,5484.92505872
669000,5445.97606226
670000,5191.02435142
671000,4969.46748014
672000,4553.9132643
673000,4036.94449996
674000,3443.40521215
675000,3455.5984431
676000,3446.04567737
677000,3367.94650796
678000,3386.99668162
679000,3545.20832264
680000,3955.27880687
681000,4341.86691248
682000,4687.5794538
683000,5058.03490249
684000,5596.06776323
685000,5514.17290151
686000,5373.41727048
687000,5351.35288297
688000,5345.90049752
689000,5295.43383778
690000,5276.2117518
691000,5384.74085483
692000,5438.47381354
693000,5149.93347063
694000,4603.38883578
695000,4088.01241059
696000,3681.69357626
697000,3214.24572188
698000,2597.90488746
699000,2043.63795765
700000,1509.42057299
701000,896.578187458
702000,434.923028437
703000,307.556812585
704000,246.118973546
705000,207.534130626
706000,180.410306784
707000,160.06400028
708000,144.032963703
709000,131.109126807
710000,422.676632662
711000,1053.13591682
712000,1583.62134566
713000,2040.70521702
714000,2563.88877578
715000,3121.42495077
716000,3719.92672451
717000,4223.07474548
718000,4632.36611332
719000,4954.22022602
720000,5017.76282744
721000,4974.61196422
722000,5080.37254498
723000,5248.39170882
724000,5255.62332268
725000,5108.99147885
726000,4836.09869974
727000,4588.44641197
728000,4386.29156088
729000,4301.54514864
730000,4560.24010548
731000,4316.00843661
732000,3900.3841547
733000,3436.00470644
734000,3030.48640368
735000,2856.77316068
736000,3202.73895108
737000,3594.33707482
738000,4013.70549664
739000,4326.20743802
740000,4198.57217466
741000,4301.03343446
742000,4670.54655556
743000,5040.95142788
744000,5490.79830332
745000,5664.14578335
746000,5569.24581128
747000,5205.61194167
748000,4702.99002258
749000,4233.12684484
750000,3792.16452777
751000,3384.70323656
752000,2822.23724361
753000,2313.63432836
754000,1758.74949694
755000,1713.27560007
756000,1593.30379567
757000,1910.31205838
758000,2434.57901736
759000,2968.54447233
760000,3539.14306409
761000,4094.76746687
762000,4581.60646663
763000,4748.1080535
764000,4861.04494741
765000,5117.10040686
766000,5265.64856029
767000,5237.63305494
768000,5018.77900692
769000,4564.28233614
770000,4028.09492875
771000,3511.07235919
772000,3041.23406214
773000,2886.97763373
774000,2792.3211966
775000,2388.50038126
776000,1975.51576819
777000,2035.95186631
778000,2149.04188044
779000,2634.21498137
780000,3161.07218208
781000,3674.40067851
782000,4213.32584718
783000,4806.83740458
784000,5374.98288456
785000,5692.29535144
786000,6154.72114836
787000,6177.50456273
788000,6267.85207746
789000,6229.91260999
790000,6252.54674815
791000,6244.34786504
792000,6203.28067753
793000,6187.73100833
794000,6228.10871062
795000,6291.87790373
796000,6298.12032564
797000,6249.21707167
798000,6223.7394189
799000,6243.84881878
800000,5907.675323
801000,5619.49465914
802000,5643.1291106
803000,5425.10752995
804000,5392.56066992
805000,5436.37856726
806000,5396.5257132
807000,5166.54351036
808000,5200.29618486
809000,5175.10547234
810000,5530.32504053
811000,5822.77558661
812000,5658.74533897
813000,5761.02546541
814000,5760.13614356
815000,5739.27652118
816000,5592.09163501
817000,5654.08184136
818000,5576.59826795
819000,5619.43796413
820000,5571.71622428
821000,5549.97856267
822000,5794.28945733
823000,5936.63977637
824000,5954.81736772
825000,5891.99282347
826000,5635.76899507
827000,5675.12848807
828000,5778.72202622
829000,5745.79133047
830000,5773.67418657
831000,5781.10603225
832000,5308.59228712
833000,5218.6717058
834000,5214.63791795
835000,4920.51932551
836000,4844.87267763
837000,4469.28523033
838000,4371.92646613
839000,4324.88295379
840000,4335.03908271
841000,4399.14610666
842000,4861.21076516
843000,4919.63018011
844000,4926.94746301
845000,5280.6088146
846000,5689.07500508
847000,6104.53307762
848000,6059.76989392
849000,6106.6368544
850000,5949.91477733
851000,5932.81978864
852000,5786.68913618
853000,5793.76653433
854000,5597.98533332
855000,5627.75631698
856000,5736.64481706
857000,5733.23875896
858000,5783.35336124
859000,5812.91701042
860000,5963.72298501
861000,5869.46452915
862000,5737.41442856
863000,5368.10911762
864000,5408.51059414
865000,5359.44582433
866000,5285.77582017
867000,5312.83022251
868000,5317.35544502
869000,5167.15815953
870000,5133.12734499
871000,5209.07487195
872000,5492.13540728
873000,5429.86602461
874000,5551.59863091
875000,5172.18794841
876000,4738.85993123
877000,4576.72457257
878000,4633.30614173
879000,4501.90041012
880000,4194.41856826
881000,4147.25912933
882000,4099.34097038
883000,4431.97097546
884000,4329.7901387
885000,4762.32873623
886000,5256.01061746
887000,5530.0375726
888000,5505.05868983
889000,5158.10965112
890000,5409.27530591
891000,5453.08422322
892000,5455.75955069
893000,5605.17549365
894000,5570.2243255
895000,5448.54142157
896000,5416.53501449
897000,5272.35092617
898000,5005.76189921
899000,5211.53204091
900000,5306.52177789
901000,5318.37715389
902000,5090.67891922
903000,5053.26660295
904000,5189.7004607
905000,5229.14282054
906000,5167.86961259
907000,5096.81981201
908000,5216.67683609
909000,5599.91347676
910000,5476.7887972
911000,5441.29154154
912000,5704.23325501
913000,5701.3432772
914000,5737.65044417
915000,5812.41401607
916000,5909.35461718
917000,6093.31972676
918000,6113.28301171
919000,6160.41608461
920000,6285.36080711
921000,6348.43084745
922000,6301.52675715
923000,6118.53020801
924000,6019.81282059
925000,6022.60413249
926000,6005.07852621
927000,5989.97722262
928000,6029.42991943
929000,5883.82715878
930000,5878.0450385
931000,5849.54117834
932000,5879.6138625
933000,6046.98032723
934000,6164.18910791
935000,6169.09608973
936000,6117.58511586
937000,6154.16243855
938000,6157.5659434
939000,5808.46780651
940000,5587.72206493
941000,5097.55623717
942000,5031.59746959
943000,4619.8655006
944000,4590.84433048
945000,4450.74963337
946000,4383.99555936
947000,4385.68060773
948000,4403.37309328
949000,4884.53832713
950000,4999.32767699
951000,5455.66689765
952000,5548.30489961
953000,5687.67313449
954000,5480.45513694
955000,5610.0693001
956000,5668.66842134
957000,5675.38549931
958000,5740.47337205
959000,5723.70302996
960000,5618.7877704
961000,5628.18208325
962000,5369.20158022
963000,5584.99813201
964000,5774.82172187
965000,5616.62946411
966000,5664.2001517
967000,5541.76555079
968000,5541.34538905
969000,5397.41721744
970000,5589.70447065
971000,5589.73614795
972000,5735.36765804
973000,5827.52498201
974000,5848.19379646
975000,5937.16435403
976000,5964.06576732
977000,6077.57676178
978000,6041.63009187
979000,6208.92677287
980000,6228.74515053
981000,6225.30813346
982000,5892.23028807
983000,5784.72574684
984000,5681.73763507
985000,5629.09749711
986000,5574.9229585
987000,5469.62262709
988000,5554.99299927
989000,5560.39117688
990000,5280.21525473
991000,5119.59963872
992000,5088.03111629
993000,5186.76177126
994000,5308.4308628
995000,5388.24037422
996000,5384.91324828
997000,5422.4552698
998000,5042.44689621
999000,4975.92989939
1000000,5226.71829353
1001000,5160.69679069
1002000,5433.73623346
1003000,5257.53345234
1004000,5160.91305927
1005000,5169.68770853
1006000,5230.76160915
1007000,5311.65207261
1008000,5666.90793812
1009000,5712.293944
1010000,5670.32724479
1011000,5915.19929722
1012000,6129.48388992
1013000,6267.54737653
1014000,6367.48969557
1015000,6388.12703102
1016000,6272.02374616
1017000,5786.55054315
1018000,5243.17539058
1019000,4903.77439592
1020000,4885.76175162
1021000,4924.21110689
1022000,4832.03190016
1023000,4836.6712332
1024000,4617.72661877
1025000,4510.35488357
1026000,4496.09288198
1027000,4916.96189437
1028000,5453.00950024
1029000,5582.56844941
1030000,5662.82318099
1031000,5599.19395798
1032000,5672.09386201
1033000,5408.42518179
1034000,5144.13873669
1035000,5046.24480124
1036000,5160.24698655
1037000,5214.74099164
1038000,5210.28843125
1039000,5450.4524651
1040000,5469.3787814
1041000,5357.41211033
1042000,5265.60906026
1043000,5562.22003933
1044000,6007.88090588
1045000,6174.97618537
1046000,6034.48898223
1047000,5683.72218834
1048000,5238.41957729
1049000,5181.4334136
1050000,5039.11791182
1051000,4954.71572279
1052000,4649.88789444
1053000,4500.56500959
1054000,4487.60258031
1055000,4540.3190772
1056000,4658.80979447
1057000,4750.17582499
1058000,5146.04535949
1059000,5181.29884902
1060000,5274.59163899
1061000,5444.16534421
1062000,5730.58976253
1063000,5667.88776225
1064000,5603.79097762
1065000,5565.76712353
1066000,5448.13905767
1067000,5308.88020989
1068000,5267.6414175
1069000,5191.9205711
1070000,5057.26682273
1071000,5162.60003398
1072000,5279.25972183
1073000,5470.62878472
1074000,5569.48357842
1075000,5511.1831105
1076000,5579.61953094
1077000,5854.21505922
1078000,5762.93860851
1079000,5752.10973411
1080000,5888.1425828
1081000,5410.9555302
1082000,5386.3206747
1083000,5364.58294735
1084000,5245.60956746
1085000,4855.0301029
1086000,4371.23500418
1087000,3902.28737345
1088000,3499.28105927
1089000,2981.00202266
1090000,2397.67858884
1091000,2233.96849584
1092000,1633.90765244
1093000,1622.37396711
1094000,1523.22243912
1095000,1979.72721416
1096000,2540.48903606
1097000,3100.50457602
1098000,3630.17258796
1099000,4101.56164401
1100000,4519.71614378
1101000,4939.5436197
1102000,5568.65069565
1103000,5568.0330965
1104000,5700.94081383
1105000,5730.56716035
1106000,5612.91794749
1107000,5562.36517999
1108000,5257.25627606
1109000,5416.71265795
1110000,5625.04073646
1111000,5836.86217262
1112000,5776.69447313
1113000,5678.96310626
1114000,5498.28326559
1115000,5469.49048578
1116000,5581.49167406
1117000,5308.34036928
1118000,5541.08048416
1119000,5321.74770295
1120000,5204.00630353
1121000,5181.61059115
1122000,5234.39468124
1123000,5400.56056568
1124000,5516.38488568
1125000,5177.35181874
1126000,5109.09591453
1127000,5441.84106243
1128000,5573.12231928
1129000,5634.44894436
1130000,5520.29446232
1131000,5422.51965916
1132000,5437.69791463
1133000,5431.89275302
1134000,5528.68582777
1135000,5858.27501543
1136000,5806.76962732
1137000,5635.05656614
1138000,5408.26312771
1139000,5258.45702745
1140000,5491.25995801
1141000,5618.53385223
1142000,5605.56606903
1143000,5590.97883903
1144000,5616.72747206
1145000,5653.66364004
1146000,5750.74358075
1147000,5953.65332277
1148000,6000.65526663
1149000,5801.37645825
1150000,5451.42979922
1151000,5398.46001156
1152000,5289.26697074
1153000,5129.93094168
1154000,4945.80449719
1155000,4539.92184903
1156000,4387.29310333
1157000,4362.43671788
1158000,4440.2230672
1159000,4924.36124493
1160000,5227.70137771
1161000,5159.75715438
1162000,5118.33361543
1163000,5240.28494623
1164000,5469.01149906
1165000,5876.32237006
1166000,6032.68294186
1167000,6039.87117595
1168000,6175.10414709
1169000,6133.79780955
1170000,6025.47962857
1171000,5637.85814618
1172000,5803.06363324
1173000,5858.89535615
1174000,5829.96311695
1175000,5802.92153422
1176000,5819.7333249
1177000,5393.78298106
1178000,4914.71562772
1179000,4955.22307017
1180000,5105.03152375
1181000,5576.11554146
1182000,5557.82138359
1183000,5473.58924409
1184000,5358.46089129
1185000,5224.44373381
1186000,4996.2591096
1187000,5404.7710897
1188000,5857.75212704
1189000,5863.11617674
1190000,5463.83535798
1191000,4934.38674398
1192000,4349.15110786
1193000,3863.90537509
1194000,3578.58132183
1195000,3716.38221236
1196000,3952.05227773
1197000,3918.94933098
1198000,3901.20387502
1199000,3783.29587504
1200000,4065.06521895
1201000,4571.49067215
1202000,4818.0235275
1203000,4833.73715575
1204000,4833.58730719
1205000,4759.45840342
1206000,4520.34933376
1207000,4242.3183213
1208000,3748.23891076
1209000,3430.31470986
1210000,3071.03219588
1211000,2625.81650676
1212000,2474.3143418
1213000,2785.81841608
1214000,3160.90690405
1215000,3240.27338887
1216000,3431.24156056
1217000,3728.28810308
1218000,4146.89255785
1219000,4451.67239012
1220000,4913.09372341
1221000,5315.79166642
1222000,5811.46847883
1223000,6019.32561347
1224000,5979.15018969
1225000,5818.42374845
1226000,5724.89060621
1227000,5622.91410172
1228000,5307.74332673
1229000,5232.13017335
1230000,5209.16484748
1231000,5248.13894336
1232000,5210.24166444
1233000,5235.77558369
1234000,5325.15408624
1235000,5511.85847999
1236000,5658.28354586
1237000,5735.45960436
1238000,6156.58841176
1239000,6387.13379948
1240000,6145.83802666
1241000,6110.7402387
1242000,6125.94613864
1243000,6057.82875977
1244000,6033.28417399
1245000,5975.68299603
1246000,5908.59184906
1247000,5965.94026278
1248000,5882.99907903
1249000,5843.45705785
1250000,5903.74912425
1251000,5975.37161821
1252000,5671.00747136
1253000,5201.41262749
1254000,4630.97364118
1255000,4111.06457121
1256000,3781.36013203
1257000,3306.90223031
1258000,3369.13350981
1259000,3297.30402229
1260000,3419.24843195
1261000,3379.77017001
1262000,3705.85568096
1263000,4178.89617778
1264000,4637.37565658
1265000,5223.68287277
1266000,5623.50164382
1267000,6089.78270825
1268000,6060.46337054
1269000,6109.02801209
1270000,6218.21291344
1271000,6218.38187516
1272000,6132.48946574
1273000,6089.7599574
1274000,6223.23727456
1275000,6153.0540796
1276000,6112.48702209
1277000,6080.93692312
1278000,6050.8489463
1279000,5953.47207221
1280000,5829.72969532
1281000,5806.01473584
1282000,5861.28078036
1283000,5921.35054395
1284000,5836.29991783
1285000,5856.91459563
1286000,5824.58300213
1287000,5727.54639788
1288000,5343.70838283
1289000,5257.36735958
1290000,5218.85550734
1291000,5303.63155932
1292000,5267.77364056
1293000,5324.82785811
1294000,5392.28529887
1295000,5423.19934728
1296000,5437.39974405
1297000,5355.59552715
1298000,5632.89618959
1299000,5854.94947997
1300000,5987.33832011
1301000,5965.91324466
1302000,5943.36580902
1303000,5884.93862061
1304000,5804.89843889
1305000,5816.604343
1306000,5851.50095514
1307000,6026.83348087
1308000,5868.691479
1309000,5633.04393915
1310000,5645.70970434
1311000,5624.70442265
1312000,5430.2602194
1313000,5452.86508096
1314000,5483.16822713
1315000,5420.06225306
1316000,5367.0376234
1317000,5346.75491051
1318000,5651.17962187
1319000,5849.61700635
1320000,5738.20129516
