1000,0.252946454
2000,0.2537776805
3000,0.216241773333
4000,0.183640174
5000,0.1643737932
6000,0.148068607667
7000,0.139685908429
8000,0.136859716375
9000,0.135871478444
10000,0.1335147152
11000,0.1197202874
12000,0.1040477128
13000,0.0964131385
14000,0.0977063278
15000,0.0961980625
16000,0.0949540586
17000,0.089481492
18000,0.0812764915
19000,0.0719695095
20000,0.0665110149
21000,0.0656820403
22000,0.066583065
23000,0.0670737593
24000,0.0624263887
25000,0.0600848625
26000,0.0583087948
27000,0.0589119918
28000,0.0606165877
29000,0.0606238105
30000,0.0586029692
31000,0.051086891
32000,0.0435974811
33000,0.0397474915
34000,0.0453421549
35000,0.0550982948
36000,0.0600623436
37000,0.0628927372
38000,0.0641947166
39000,0.0662657582
40000,0.0672158449
41000,0.0685493451
42000,0.0710004816
43000,0.0733462554
44000,0.0668807105
45000,0.0559170977
46000,0.0508195003
47000,0.0522416474
48000,0.0555829542
49000,0.054348834
50000,0.0534041956
51000,0.0520351894
52000,0.0496590603
53000,0.0469171211
54000,0.0446930353
55000,0.0457058502
56000,0.0516549941
57000,0.05436883
58000,0.0527213942
59000,0.0600196071
60000,0.0655276447
61000,0.071112344
62000,0.072866671
63000,0.07733468
64000,0.0792227015
65000,0.0779870379
66000,0.0713220643
67000,0.0628285904
68000,0.0596043822
69000,0.0577485963
70000,0.0559806982
71000,0.0534907869
72000,0.0517922421
73000,0.0494217179
74000,0.0505608526
75000,0.0515990066
76000,0.0518863331
77000,0.0533323093
78000,0.0591509375
79000,0.0556226404
80000,0.052915878
81000,0.0507343397
82000,0.051207936
83000,0.0504767771
84000,0.0488094919
85000,0.0471197181
86000,0.0468700441
87000,0.0492518628
88000,0.0433062232
89000,0.0468606841
90000,0.0479503632
91000,0.048620945
92000,0.0485660166
93000,0.0479380284
94000,0.0482099738
95000,0.0522693959
96000,0.0549160573
97000,0.0519041472
98000,0.0497763344
99000,0.0423547599
100000,0.0389421922
101000,0.0376306665
102000,0.0359392976
103000,0.0385386016
104000,0.0437382699
105000,0.043981659
106000,0.0460923168
107000,0.0512139737
108000,0.0552873129
109000,0.0700311904
110000,0.0754164815
111000,0.0883589827
112000,0.0986915128
113000,0.0996257777
114000,0.0949386156
115000,0.0919682274
116000,0.0877860902
117000,0.0827411481
118000,0.0791979291
119000,0.0656581059
120000,0.0605282949
121000,0.0470425531
122000,0.0372962562
123000,0.0325152106
124000,0.0312354282
125000,0.0298328291
126000,0.0286170948
127000,0.0283979996
128000,0.0364654794
129000,0.0423601374
130000,0.0476827159
131000,0.0531003451
132000,0.0600023601
133000,0.0633368516
134000,0.0646059988
135000,0.065797763
136000,0.0664983714
137000,0.0667066245
138000,0.0582723118
139000,0.0516848792
140000,0.0464785742
141000,0.0407216655
142000,0.0337834358
143000,0.0309446597
144000,0.0336247796
145000,0.0417606017
146000,0.0481926224
147000,0.0523185628
148000,0.0692348699
149000,0.0877609562
150000,0.0986571175
151000,0.1040541722
152000,0.1087002549
153000,0.1116636733
154000,0.1092981533
155000,0.1025925907
156000,0.0982155816
157000,0.0942561146
158000,0.0791393982
159000,0.067716223
160000,0.0694373031
161000,0.0692723435
162000,0.0660164447
163000,0.0674867395
164000,0.0724268594
165000,0.0754478544
166000,0.0738855079
167000,0.0796137557
168000,0.0855751524
169000,0.0844807949
170000,0.0808203722
171000,0.0828265463
172000,0.0902471664
173000,0.0936228141
174000,0.0892564028
175000,0.0855572429
176000,0.0862824844
177000,0.0799195872
178000,0.0721806314
179000,0.0655027655
180000,0.0564106873
181000,0.0549691707
182000,0.0549732627
183000,0.0498951608
184000,0.0531614556
185000,0.0544147693
186000,0.0545684312
187000,0.060399507
188000,0.0647375461
189000,0.0692171346
190000,0.0710601262
191000,0.0651164625
192000,0.0562834836
193000,0.0533712807
194000,0.0568057901
195000,0.0563115536
196000,0.0564701212
197000,0.0520747312
198000,0.0484141947
199000,0.0447624655
200000,0.0434217895
201000,0.0440334082
202000,0.0459399601
203000,0.0480459074
204000,0.0480382051
205000,0.0525321316
206000,0.0569329857
207000,0.0614819648
208000,0.067690549
209000,0.073069057
210000,0.0745486109
211000,0.0824713102
212000,0.0889686872
213000,0.0962789763
214000,0.092749744
215000,0.095267244
216000,0.0960605564
217000,0.0930478581
218000,0.097000176
219000,0.0929178713
220000,0.0920541548
221000,0.0876532706
222000,0.0883003608
223000,0.0827685657
224000,0.0804886357
225000,0.0763367497
226000,0.0767789861
227000,0.0784165429
228000,0.0680866125
229000,0.0704016033
230000,0.0765450846
231000,0.0809926261
232000,0.0766927032
233000,0.0747345995
234000,0.075695096
235000,0.0756385119
236000,0.071784295
237000,0.075238675
238000,0.0784351643
239000,0.0794262507
240000,0.0802340883
241000,0.0765692587
242000,0.0754868454
243000,0.0765527013
244000,0.0778236598
245000,0.0767156728
246000,0.0763692692
247000,0.0716429623
248000,0.0734952533
249000,0.0683382482
250000,0.0623834257
251000,0.0607046308
252000,0.0619230447
253000,0.0664291447
254000,0.06947295
255000,0.0812159776
256000,0.0838284905
257000,0.0843569328
258000,0.0823475033
259000,0.085875974
260000,0.0903853069
261000,0.0919852898
262000,0.0917611669
263000,0.0902158748
264000,0.0868306439
265000,0.0727238124
266000,0.0694423335
267000,0.0723978097
268000,0.0746335427
269000,0.0755487705
270000,0.0698984106
271000,0.065607749
272000,0.0610902174
273000,0.0553318375
274000,0.049949141
275000,0.0475769005
276000,0.0445042916
277000,0.0370035861
278000,0.0305145934
279000,0.0257422799
280000,0.0266530783
281000,0.030873882
282000,0.0349881196
283000,0.0418093079
284000,0.0439187607
285000,0.0490648405
286000,0.0527137403
287000,0.0579758126
288000,0.0639688907
289000,0.0674535968
290000,0.0758970431
291000,0.0768617547
292000,0.0786281654
293000,0.0818867731
294000,0.0875205136
295000,0.0872857193
296000,0.0897880422
297000,0.0965451105
298000,0.0933389257
299000,0.0952696854
300000,0.0906992604
301000,0.0871351329
302000,0.0814037785
303000,0.0714276948
304000,0.064487981
305000,0.0638015809
306000,0.0655345088
307000,0.0582750783
308000,0.0583243076
309000,0.0592637907
310000,0.0609656008
311000,0.0696347224
312000,0.0729463995
313000,0.0828989914
314000,0.0879876064
315000,0.0872840852
316000,0.082415831
317000,0.0788380568
318000,0.0777137973
319000,0.0725141132
320000,0.0648472801
321000,0.0547605977
322000,0.0508942489
323000,0.0407985399
324000,0.0352776899
325000,0.0402783956
326000,0.0434636352
327000,0.0496051475
328000,0.0513497057
329000,0.0518666049
330000,0.0529773946
331000,0.0531911196
332000,0.0533271571
333000,0.0532780334
334000,0.0529913459
335000,0.0446808916
336000,0.0390010395
337000,0.0337403333
338000,0.0346650985
339000,0.04002442
340000,0.0437093434
341000,0.0480562178
342000,0.0522660797
343000,0.0601154074
344000,0.060955506
345000,0.073658671
346000,0.084894618
347000,0.0908084823
348000,0.0926657969
349000,0.0915451435
350000,0.0922885855
351000,0.0949264374
352000,0.0925326003
353000,0.0842636719
354000,0.083542259
355000,0.073498212
356000,0.0679867623
357000,0.0617552144
358000,0.0561580269
359000,0.050537646
360000,0.0456379455
361000,0.0445048634
362000,0.048211126
363000,0.0665337424
364000,0.0780650269
365000,0.0795199043
366000,0.086051162
367000,0.0927985881
368000,0.107643635
369000,0.1249017954
370000,0.1306320795
371000,0.1302973077
372000,0.1339661635
373000,0.1215924914
374000,0.1103287262
375000,0.1075603212
376000,0.1001608979
377000,0.0995697451
378000,0.0939301453
379000,0.0836847461
380000,0.0848618403
381000,0.0796665727
382000,0.0706989477
383000,0.0708201421
384000,0.0775379108
385000,0.0869358232
386000,0.0875561258
387000,0.0914451829
388000,0.0895955259
389000,0.0847390855
390000,0.0806380471
391000,0.0881785549
392000,0.0916177357
393000,0.0880465442
394000,0.082895025
395000,0.0734529051
396000,0.0686753668
397000,0.0578605964
398000,0.0497224143
399000,0.0477218333
400000,0.0445155985
401000,0.0357778324
402000,0.0319070633
403000,0.0296529634
404000,0.0272827253
405000,0.0258322831
406000,0.0245584043
407000,0.0248383741
408000,0.0250343282
409000,0.0246006783
410000,0.0238319065
411000,0.0233941966
412000,0.0235403656
413000,0.0230944691
414000,0.0230156636
415000,0.0226447562
416000,0.0224808698
417000,0.020881114
418000,0.0204670741
419000,0.0201910162
420000,0.0203562827
421000,0.0202084727
422000,0.0195768178
423000,0.0192488523
424000,0.0190098372
425000,0.018910454
426000,0.0188764883
427000,0.0187181637
428000,0.0187388249
429000,0.0224832057
430000,0.0271140294
431000,0.0362205662
432000,0.0429603454
433000,0.047934242
434000,0.0507416334
435000,0.0533215875
436000,0.055086714
437000,0.0565414152
438000,0.0577368036
439000,0.0550546685
440000,0.051434882
441000,0.0565690797
442000,0.0589740052
443000,0.061136558
444000,0.0612134041
445000,0.0699016074
446000,0.0734728501
447000,0.0751018708
448000,0.0771602192
449000,0.0894133376
450000,0.0986662938
451000,0.1006185039
452000,0.098252143
453000,0.0985648365
454000,0.0995732218
455000,0.0903097818
456000,0.0906162088
457000,0.0927945318
458000,0.0902290898
459000,0.0771764217
460000,0.0673470325
461000,0.0515237904
462000,0.0492878147
463000,0.0500931897
464000,0.0574940153
465000,0.0608123705
466000,0.0578124747
467000,0.0667214466
468000,0.0724978123
469000,0.0768599098
470000,0.0804999991
471000,0.082941724
472000,0.0805354505
473000,0.0746424323
474000,0.0652122871
475000,0.0608688243
476000,0.059329547
477000,0.0461515708
478000,0.0407835716
479000,0.0370653117
480000,0.0348296973
481000,0.0426138851
482000,0.0447350712
483000,0.0472323625
484000,0.0536573471
485000,0.062166246
486000,0.0659336168
487000,0.0701029744
488000,0.0801673938
489000,0.0836581821
490000,0.0846694653
491000,0.0834116071
492000,0.0857872236
493000,0.0882737421
494000,0.0807248966
495000,0.071348183
496000,0.0669864625
497000,0.0621048845
498000,0.0509644017
499000,0.0465230675
500000,0.0435175276
501000,0.0341949004
502000,0.0276811758
503000,0.0203696702
504000,0.0258957609
505000,0.0313767816
506000,0.047236075
507000,0.0551988157
508000,0.0642373988
509000,0.0693952039
510000,0.0760581455
511000,0.0783362917
512000,0.0883433458
513000,0.0994742141
514000,0.0996641034
515000,0.0959563895
516000,0.0809468356
517000,0.0737637503
518000,0.0655858001
519000,0.0632780653
520000,0.0622174743
521000,0.0630616808
522000,0.0591167816
523000,0.055785548
524000,0.0656528402
525000,0.0693856172
526000,0.0814354623
527000,0.0885204095
528000,0.0995403392
529000,0.1034590867
530000,0.1016742585
531000,0.099652984
532000,0.1040432651
533000,0.1042975856
534000,0.1012727814
535000,0.1001187259
536000,0.088960528
537000,0.0820007952
538000,0.07124739
539000,0.0651741878
540000,0.0623921396
541000,0.0619472937
542000,0.0521461996
543000,0.0488045126
544000,0.0456996595
545000,0.0433274916
546000,0.0420715868
547000,0.0484401003
548000,0.0554165954
549000,0.0558135121
550000,0.0550851052
551000,0.0546433187
552000,0.0540279936
553000,0.0498136752
554000,0.0396619475
555000,0.0375200215
556000,0.039215799
557000,0.0337148062
558000,0.025479455
559000,0.0342827642
560000,0.0406609882
561000,0.0526487657
562000,0.0586329189
563000,0.0686830966
564000,0.081023169
565000,0.0886569891
566000,0.0907649062
567000,0.0901713986
568000,0.0909336764
569000,0.0817581817
570000,0.0757492456
571000,0.0639633621
572000,0.058275028
573000,0.0483144997
574000,0.0359045148
575000,0.0283315653
576000,0.0239445243
577000,0.033686777
578000,0.0372048969
579000,0.0391339993
580000,0.0400750486
581000,0.0408640999
582000,0.041277211
583000,0.0419610663
584000,0.0427014957
585000,0.0431014493
586000,0.0430513617
587000,0.0322236954
588000,0.0282757145
589000,0.0279186426
590000,0.0348384901
591000,0.0380524857
592000,0.0395420019
593000,0.0405313205
594000,0.0443969198
595000,0.0497696135
596000,0.0547486673
597000,0.061794861
598000,0.0741055521
599000,0.0801194799
600000,0.076196119
601000,0.0731670769
602000,0.0767793477
603000,0.078334193
604000,0.083158062
605000,0.0803295708
606000,0.0878211069
607000,0.0886687819
608000,0.0811690815
609000,0.0737172522
610000,0.0779154241
611000,0.088517181
612000,0.0912894117
613000,0.0910121113
614000,0.0839965304
615000,0.0819342938
616000,0.0714281972
617000,0.0676950442
618000,0.0650262553
619000,0.0749328371
620000,0.0680204855
621000,0.0655425559
622000,0.0635631476
623000,0.0664266657
624000,0.0770617014
625000,0.0842251915
626000,0.0858573651
627000,0.0856290431
628000,0.0898444624
629000,0.0866130881
630000,0.0917890202
631000,0.0847481759
632000,0.079696537
633000,0.0744034472
634000,0.0726955531
635000,0.0721156806
636000,0.0697421602
637000,0.0706333548
638000,0.0664087621
639000,0.0636157589
640000,0.0600717295
641000,0.0611722548
642000,0.0701775641
643000,0.0725166382
644000,0.0634081505
645000,0.0662656374
646000,0.0696328597
647000,0.0691887181
648000,0.0690206284
649000,0.0711358002
650000,0.0722187077
651000,0.0739952793
652000,0.0649455585
653000,0.067678313
654000,0.0727873964
655000,0.0663370209
656000,0.0676392109
657000,0.0642352187
658000,0.0669440851
659000,0.0650088713
660000,0.0633024012
661000,0.0607041588
662000,0.0610596393
663000,0.0591495724
664000,0.0573566807
665000,0.0610884063
666000,0.0631104029
667000,0.0745485319
668000,0.0744667185
669000,0.0714261827
670000,0.0755239237
671000,0.0746147712
672000,0.0768812874
673000,0.07766793
674000,0.0769398308
675000,0.0706898152
676000,0.0670333464
677000,0.0603279954
678000,0.0615888195
679000,0.0662979967
680000,0.0661533021
681000,0.0743602575
682000,0.0730885703
683000,0.0709498653
684000,0.0740637155
685000,0.0804457825
686000,0.0794071959
687000,0.0752955365
688000,0.0722006957
689000,0.0672250344
690000,0.0612960561
691000,0.0520673455
692000,0.0500900436
693000,0.0618456158
694000,0.0579740896
695000,0.055348302
696000,0.0611879815
697000,0.0652617006
698000,0.0700240839
699000,0.0802126642
700000,0.0922084641
701000,0.0922209389
702000,0.0991203623
703000,0.0874471624
704000,0.086188588
705000,0.0840662679
706000,0.079870924
707000,0.0775479007
708000,0.0780467779
709000,0.0684536315
710000,0.0604840243
711000,0.0711947088
712000,0.0664668667
713000,0.0644455558
714000,0.0674055279
715000,0.073792583
716000,0.0756622818
717000,0.0803113514
718000,0.0791483251
719000,0.0788022745
720000,0.0747061615
721000,0.0647477203
722000,0.062117186
723000,0.0615065051
724000,0.0561654198
725000,0.047046637
726000,0.0400840716
727000,0.0369751101
728000,0.0320965484
729000,0.0316029213
730000,0.034148973
731000,0.0384131698
732000,0.0406768768
733000,0.0432200798
734000,0.0515495398
735000,0.0560797975
736000,0.0586620055
737000,0.0584251071
738000,0.0595767532
739000,0.0626754557
740000,0.0612727584
741000,0.0598697287
742000,0.0598767167
743000,0.0724307516
744000,0.073969926
745000,0.075267256
746000,0.0775116535
747000,0.0762803679
748000,0.0759035902
749000,0.0743117151
750000,0.0749763681
751000,0.0737509442
752000,0.0734877873
753000,0.0598743621
754000,0.0513542184
755000,0.0468655464
756000,0.0626369623
757000,0.0759219333
758000,0.0788676023
759000,0.0775654619
760000,0.0763091224
761000,0.0817863192
762000,0.0892801963
763000,0.0994937121
764000,0.1094941134
765000,0.1178805484
766000,0.1075722758
767000,0.0989704374
768000,0.097743207
769000,0.1007228158
770000,0.1104571601
771000,0.1070938319
772000,0.1030687509
773000,0.0989647245
774000,0.0938975366
775000,0.088554672
776000,0.0829944309
777000,0.0772971567
778000,0.0810977243
779000,0.0818303556
780000,0.0762392285
781000,0.0810696657
782000,0.0820953423
783000,0.0859820476
784000,0.0833631412
785000,0.080100289
786000,0.0762794645
787000,0.0744581894
788000,0.0665761219
789000,0.0618607713
790000,0.0628694896
791000,0.0587066377
792000,0.0604882163
793000,0.0503896644
794000,0.0473630323
795000,0.0465273204
796000,0.045899223
797000,0.0462304131
798000,0.0494910099
799000,0.0542298374
800000,0.0504485054
801000,0.0518795311
802000,0.0472161234
803000,0.0524119968
804000,0.0532557794
805000,0.0537127506
806000,0.057067709
807000,0.0584929262
808000,0.0610577614
809000,0.0669103096
810000,0.0718322565
811000,0.0729694415
812000,0.0765203226
813000,0.0781128332
814000,0.0796597418
815000,0.0844564985
816000,0.0824480825
817000,0.0866939133
818000,0.0874529742
819000,0.0775586793
820000,0.0798038575
821000,0.0804070622
822000,0.0792017279
823000,0.0755492059
824000,0.0777367208
825000,0.0769862074
826000,0.0789719379
827000,0.072863189
828000,0.0659722649
829000,0.0647504327
830000,0.0548482075
831000,0.0553392397
832000,0.0589329834
833000,0.0586734123
834000,0.070274965
835000,0.0688800424
836000,0.0664286251
837000,0.0670728733
838000,0.0683761506
839000,0.0687451192
840000,0.06929749
841000,0.0598573795
842000,0.0505368956
843000,0.0528568735
844000,0.0541289181
845000,0.0614023727
846000,0.0666124249
847000,0.0700112361
848000,0.0721365076
849000,0.074827925
850000,0.0765198316
851000,0.0783488666
852000,0.083471727
853000,0.0845456528
854000,0.0722540622
855000,0.0691249431
856000,0.0718087907
857000,0.080931508
858000,0.0802024034
859000,0.078748666
860000,0.0831875039
861000,0.0869040342
862000,0.0891632666
863000,0.0847804456
864000,0.0844633913
865000,0.0812435591
866000,0.0839067664
867000,0.0783779019
868000,0.0825280404
869000,0.0827973824
870000,0.076502677
871000,0.0712456882
872000,0.0636213849
873000,0.0670070201
874000,0.0744103759
875000,0.0741476836
876000,0.065039753
877000,0.0585891309
878000,0.0569244196
879000,0.0578810121
880000,0.0586039067
881000,0.0591229826
882000,0.0594389417
883000,0.0617314825
884000,0.0512639943
885000,0.0526417139
886000,0.0575242007
887000,0.0628259396
888000,0.0641344551
889000,0.0660464003
890000,0.0671019513
891000,0.0692237695
892000,0.0707212812
893000,0.0685328856
894000,0.0742812616
895000,0.0815623859
896000,0.0808515236
897000,0.0756188855
898000,0.0761388022
899000,0.0826270002
900000,0.0848296837
901000,0.0849101483
902000,0.0855948297
903000,0.0810203836
904000,0.073878932
905000,0.062745382
906000,0.0584116047
907000,0.0575375572
908000,0.0595251797
909000,0.0535823079
910000,0.0543727348
911000,0.0576127765
912000,0.0568141565
913000,0.0562973672
914000,0.0560190487
915000,0.0546487168
916000,0.0570491228
917000,0.0680607911
918000,0.0686621482
919000,0.0693409144
920000,0.0669843753
921000,0.0631322826
922000,0.0625967055
923000,0.0622393087
924000,0.0620075153
925000,0.0621557001
926000,0.0580208333
927000,0.0469276249
928000,0.0377055347
929000,0.0322356769
930000,0.0297070029
931000,0.0272290714
932000,0.0258751917
933000,0.0249760362
934000,0.0242867599
935000,0.0239245945
936000,0.0231038381
937000,0.0223111277
938000,0.0218824103
939000,0.0215258284
940000,0.0256665651
941000,0.0294346025
942000,0.0369538683
943000,0.046729229
944000,0.0507857688
945000,0.0548410299
946000,0.0615403378
947000,0.0635138847
948000,0.0641665341
949000,0.0679800178
950000,0.0702866998
951000,0.0749610242
952000,0.0721225241
953000,0.0679847092
954000,0.065349786
955000,0.066204203
956000,0.0643817358
957000,0.0643351941
958000,0.0641949754
959000,0.060751853
960000,0.0539254118
961000,0.0545810645
962000,0.052414529
963000,0.0520747244
964000,0.0611420002
965000,0.0652788721
966000,0.0724320504
967000,0.0747709262
968000,0.0774887026
969000,0.079196083
970000,0.0822345673
971000,0.07501919
972000,0.0732234524
973000,0.0675245722
974000,0.05850363
975000,0.0554505545
976000,0.0468853127
977000,0.0440564408
978000,0.0441473241
979000,0.0474983782
980000,0.049326113
981000,0.0556794225
982000,0.0632726779
983000,0.0669231139
984000,0.0677703877
985000,0.0743514967
986000,0.0760494149
987000,0.0777765593
988000,0.0763720164
989000,0.0728354383
990000,0.0693540352
991000,0.0624816256
992000,0.0553841333
993000,0.0571890533
994000,0.0629255946
995000,0.0573470007
996000,0.062001127
997000,0.0625892393
998000,0.0742574112
999000,0.0789820842
1000000,0.0808036036
1001000,0.0791510841
1002000,0.0780358484
1003000,0.0792461638
1004000,0.078316529
1005000,0.0738996382
1006000,0.0703110863
1007000,0.0740845153
1008000,0.072285734
1009000,0.0769186086
1010000,0.0766774253
1011000,0.0799407052
1012000,0.0850243155
1013000,0.0792242195
1014000,0.0726809108
1015000,0.0804560875
1016000,0.0934042121
1017000,0.0918656915
1018000,0.0836788848
1019000,0.0748941216
1020000,0.0743744292
1021000,0.0726678597
1022000,0.0689259028
1023000,0.0694467669
1024000,0.0695582848
1025000,0.0603016627
1026000,0.0419415959
1027000,0.0363964836
1028000,0.0333562509
1029000,0.0312123711
1030000,0.0295631914
1031000,0.0286377614
1032000,0.0273449494
1033000,0.0260010554
1034000,0.0257130316
1035000,0.0246561111
1036000,0.0274558782
1037000,0.0303297676
1038000,0.0317753626
1039000,0.0327354569
1040000,0.0326097495
1041000,0.0375507012
1042000,0.0458196437
1043000,0.0531959297
1044000,0.0566546011
1045000,0.0609888645
1046000,0.0595393505
1047000,0.0662682493
1048000,0.0701975035
1049000,0.0722644166
1050000,0.0753894169
1051000,0.0756484563
1052000,0.0740572375
1053000,0.0725289429
1054000,0.0745950678
1055000,0.0735466956
1056000,0.0758550316
1057000,0.0670650336
1058000,0.0614401008
1059000,0.0584375219
1060000,0.0546369769
1061000,0.054790512
1062000,0.0565230887
1063000,0.0566247332
1064000,0.0526047834
1065000,0.0600108498
1066000,0.0688692393
1067000,0.0775756193
1068000,0.0858552607
1069000,0.0896216082
1070000,0.0978411803
1071000,0.104144952
1072000,0.1046432547
1073000,0.1023231456
1074000,0.1028613846
1075000,0.0997518033
1076000,0.1002378599
1077000,0.1036451474
1078000,0.1041854396
1079000,0.112415038
1080000,0.1201491293
1081000,0.112831445
1082000,0.1064941478
1083000,0.1085425122
1084000,0.1113968549
1085000,0.1057952649
1086000,0.1010306519
1087000,0.0970518654
1088000,0.0970730258
1089000,0.0934565984
1090000,0.0826174981
1091000,0.0802277037
1092000,0.0795005153
1093000,0.0749612514
1094000,0.0707352274
1095000,0.0766533137
1096000,0.079823836
1097000,0.0773176289
1098000,0.0707344119
1099000,0.0643042209
1100000,0.0614563401
1101000,0.0603570824
1102000,0.0594265127
1103000,0.0589623338
1104000,0.0583614012
1105000,0.0512318009
1106000,0.0400147053
1107000,0.0366021272
1108000,0.0412984701
1109000,0.0447006077
1110000,0.0481879672
1111000,0.0557432821
1112000,0.0643990624
1113000,0.0684532743
1114000,0.0752180417
1115000,0.0766680397
1116000,0.0770899744
1117000,0.0787614174
1118000,0.0764620925
1119000,0.0727029262
1120000,0.0703065315
1121000,0.0666675123
1122000,0.0592714351
1123000,0.0579634227
1124000,0.0575358506
1125000,0.0617754557
1126000,0.0648478853
1127000,0.0696407604
1128000,0.0695299131
1129000,0.0696937033
1130000,0.0715207398
1131000,0.0697318994
1132000,0.0685032095
1133000,0.0700959882
1134000,0.0659309227
1135000,0.06056022
1136000,0.0732514547
1137000,0.0752123094
1138000,0.0741201632
1139000,0.0732388191
1140000,0.0733321829
1141000,0.0788407033
1142000,0.0857134367
1143000,0.0880812126
1144000,0.09515798
1145000,0.1109547943
1146000,0.1037323948
1147000,0.0987599619
1148000,0.0986840983
1149000,0.1017420206
1150000,0.0996555594
1151000,0.0940685928
1152000,0.0890239246
1153000,0.0835933037
1154000,0.0760137591
1155000,0.060646344
1156000,0.0521058816
1157000,0.0506802194
1158000,0.0556650012
1159000,0.054170381
1160000,0.0523527849
1161000,0.0522905898
1162000,0.0540712185
1163000,0.0592440206
1164000,0.0651292301
1165000,0.0649942362
1166000,0.0643313584
1167000,0.0681826487
1168000,0.0684180144
1169000,0.0716698207
1170000,0.0801701444
1171000,0.0798344163
1172000,0.0777032865
1173000,0.072561015
1174000,0.0655789709
1175000,0.0649430714
1176000,0.0651899977
1177000,0.0565491247
1178000,0.0483775466
1179000,0.0427397834
1180000,0.0337056279
1181000,0.031886074
1182000,0.0297787066
1183000,0.0282549822
1184000,0.0285059345
1185000,0.0274002862
1186000,0.0266694342
1187000,0.026341474
1188000,0.0258624334
1189000,0.025823808
1190000,0.0270557918
1191000,0.0342612599
1192000,0.0375545022
1193000,0.0411945342
1194000,0.0425236951
1195000,0.0470032374
1196000,0.0483880469
1197000,0.0541869144
1198000,0.066448378
1199000,0.0718023848
1200000,0.0732390738
1201000,0.0679223495
1202000,0.0671324597
1203000,0.0645256427
1204000,0.0635568438
1205000,0.061359926
1206000,0.063032465
1207000,0.0641898384
1208000,0.0576606706
1209000,0.0594272441
1210000,0.0609728779
1211000,0.0615849504
1212000,0.0754976117
1213000,0.0831728989
1214000,0.087258882
1215000,0.088246204
1216000,0.0932330917
1217000,0.0945938604
1218000,0.0972315971
1219000,0.1020671874
1220000,0.1073342547
1221000,0.1059103745
1222000,0.0942183159
1223000,0.0928559087
1224000,0.0884437596
1225000,0.0859513108
1226000,0.0806283515
1227000,0.0814554294
1228000,0.0761024794
1229000,0.0682144859
1230000,0.0627827461
1231000,0.0655403381
1232000,0.0697779381
1233000,0.0633540158
1234000,0.0712992317
1235000,0.0770638167
1236000,0.0751752099
1237000,0.0702289809
1238000,0.0680156815
1239000,0.0643247906
1240000,0.0599121078
1241000,0.0552259826
1242000,0.045923643
1243000,0.0481663666
1244000,0.0494028774
1245000,0.0526750255
1246000,0.0607628297
1247000,0.0629102828
1248000,0.0669100638
1249000,0.0697005468
1250000,0.0742220614
1251000,0.0823330594
1252000,0.0839918721
1253000,0.087824238
1254000,0.0855181201
1255000,0.0792015997
1256000,0.0715729291
1257000,0.0651775443
1258000,0.0672759709
1259000,0.0705627
1260000,0.0685431756
1261000,0.0619780549
1262000,0.0610778866
1263000,0.0542242868
1264000,0.0465191099
1265000,0.0435417103
1266000,0.042670934
1267000,0.0465427298
1268000,0.051195747
1269000,0.055335433
1270000,0.0588848559
1271000,0.0611360558
1272000,0.0630440665
1273000,0.0642926542
1274000,0.0655784897
1275000,0.0672888755
1276000,0.0686093313
1277000,0.0657384028
1278000,0.0547589748
1279000,0.0446403863
1280000,0.0439256873
1281000,0.0409999873
1282000,0.0400897784
1283000,0.0493057564
1284000,0.0558086313
1285000,0.0580922855
1286000,0.0588415204
1287000,0.059516919
1288000,0.0639421691
1289000,0.0797109324
1290000,0.0830550896
1291000,0.0895163335
1292000,0.0939364813
1293000,0.0876045932
1294000,0.0841913319
1295000,0.0836636564
1296000,0.0880074533
1297000,0.0957661444
1298000,0.1006638736
1299000,0.0924485184
1300000,0.0909644415
1301000,0.0848501558
1302000,0.0797017473
1303000,0.0780191843
1304000,0.0793006363
1305000,0.0869370674
1306000,0.0988310911
1307000,0.0986945552
1308000,0.0948577239
1309000,0.0913958626
1310000,0.0868766952
1311000,0.08923268
1312000,0.0910466681
1313000,0.0898593368
1314000,0.0858676416
1315000,0.0761130191
1316000,0.058758695
1317000,0.0509365841
1318000,0.0455245969
1319000,0.0413369931
1320000,0.039873026
1321000,0.0471850931
1322000,0.0471334002
1323000,0.0488400645
1324000,0.0511399696
1325000,0.0568343636
1326000,0.059547212
1327000,0.0631655305
1328000,0.0728237182
1329000,0.081455108
1330000,0.0880233468
1331000,0.0788410558
1332000,0.0762270914
1333000,0.0774997532
1334000,0.0782412565
1335000,0.0787659671
1336000,0.0762544304
1337000,0.0781263947
1338000,0.0758711245
1339000,0.0766974535
1340000,0.0745123242
1341000,0.0814331087
1342000,0.0947264237
1343000,0.1087172298
1344000,0.1115995529
1345000,0.1071222697
1346000,0.1070964079
1347000,0.1009931729
1348000,0.0938019107
1349000,0.0842220738
1350000,0.0787830552
1351000,0.0707732585
1352000,0.064418108
1353000,0.0544567944
1354000,0.0496646817
1355000,0.0519806261
1356000,0.0558685831
1357000,0.0618123835
1358000,0.0676266043
1359000,0.0725528303
1360000,0.0739145022
1361000,0.0761039629
1362000,0.0781932363
1363000,0.0725932558
1364000,0.0710533248
1365000,0.071686265
1366000,0.0759164677
1367000,0.0718835952
1368000,0.0741677751
1369000,0.0769139663
1370000,0.0798109883
1371000,0.0848950354
1372000,0.0878327752
1373000,0.0938762588
1374000,0.0946910428
1375000,0.0904897985
1376000,0.0855267853
1377000,0.0923414246
1378000,0.0922444155
1379000,0.0922076406
1380000,0.0898879969
1381000,0.0833117007
1382000,0.0785690209
1383000,0.0714029043
1384000,0.0699403163
1385000,0.0685584131
1386000,0.0644369269
1387000,0.0547322243
1388000,0.0455834612
1389000,0.0446545385
1390000,0.0469332373
1391000,0.0485713672
1392000,0.0445915088
1393000,0.0443050582
1394000,0.0486643086
1395000,0.0537171984
1396000,0.0561373683
1397000,0.0652135483
1398000,0.0725383099
1399000,0.0794290409
1400000,0.0840187186
1401000,0.0849923531
1402000,0.0846412198
1403000,0.0842992776
1404000,0.0802779163
1405000,0.076255272
1406000,0.0746894319
1407000,0.0663132238
1408000,0.0598310587
1409000,0.0477693627
1410000,0.039024217
1411000,0.0381800523
1412000,0.0406688636
1413000,0.0439587873
1414000,0.0490113938
1415000,0.0571962039
1416000,0.0614714083
1417000,0.070936773
1418000,0.08350164
1419000,0.0886770852
1420000,0.0932335233
1421000,0.09450118
1422000,0.0925207693
1423000,0.0910959708
1424000,0.0885446536
1425000,0.0867522987
1426000,0.0855285855
1427000,0.0811746357
1428000,0.0710754663
1429000,0.0831629523
1430000,0.0854084886
1431000,0.0885497348
1432000,0.0873419238
1433000,0.088379997
1434000,0.090761804
1435000,0.0877216388
1436000,0.0902901311
1437000,0.0868415829
1438000,0.0849102921
1439000,0.0664829099
1440000,0.0610348754
1441000,0.0611865967
1442000,0.0665313317
1443000,0.0732794124
1444000,0.0703690342
1445000,0.0667031175
1446000,0.0611715555
1447000,0.0604614033
1448000,0.0598428047
1449000,0.0593410086
1450000,0.0579849768
1451000,0.0504743517
1452000,0.0432651405
1453000,0.0345893584
1454000,0.042496609
1455000,0.045543273
1456000,0.0459254914
1457000,0.0527148611
1458000,0.0585396898
1459000,0.064634833
1460000,0.0719083603
1461000,0.0738645779
1462000,0.0743027673
1463000,0.0727127059
1464000,0.0656625221
1465000,0.0632830604
1466000,0.0676535241
1467000,0.062726113
1468000,0.0621924519
1469000,0.0571946461
1470000,0.0522720323
1471000,0.0550925607
1472000,0.0560672202
1473000,0.0566397161
1474000,0.05326546
1475000,0.0513489093
1476000,0.0457731804
1477000,0.0424457006
1478000,0.041831893
1479000,0.0499309411
1480000,0.0502515161
1481000,0.0641021217
1482000,0.0731812684
1483000,0.077443282
1484000,0.0804617165
1485000,0.0831220949
1486000,0.0841478223
1487000,0.0855901012
1488000,0.0813551248
1489000,0.0732038286
1490000,0.0715759727
1491000,0.0542777302
1492000,0.043940738
1493000,0.0389928714
1494000,0.0358241736
1495000,0.033975303
1496000,0.0395597638
1497000,0.0442898456
1498000,0.049955645
1499000,0.0574598138
1500000,0.059427658
1501000,0.0599881414
1502000,0.0602190362
1503000,0.0608902975
1504000,0.0611290466
1505000,0.061349441
1506000,0.0547943451
1507000,0.048514529
1508000,0.0421962985
1509000,0.0435744751
1510000,0.0407340693
1511000,0.0387069877
1512000,0.0375329518
1513000,0.0358748292
1514000,0.0446245328
1515000,0.0475029144
1516000,0.048564317
1517000,0.0499440952
1518000,0.0509627809
1519000,0.0414484265
1520000,0.0420799328
1521000,0.0538507284
1522000,0.0679286032
1523000,0.0722808238
1524000,0.0744789182
1525000,0.0774487521
1526000,0.0856551245
1527000,0.0861733756
1528000,0.0949914888
1529000,0.1019556513
1530000,0.1050696252
1531000,0.0970413907
1532000,0.0899078519
1533000,0.0890891202
1534000,0.0788008587
1535000,0.0738701047
1536000,0.0745279281
1537000,0.0817073973
1538000,0.0782142705
1539000,0.0776195504
1540000,0.0808821171
1541000,0.0791462798
1542000,0.0791323335
1543000,0.0836539877
1544000,0.0951017661
1545000,0.0973160658
1546000,0.0927006065
1547000,0.0897554939
1548000,0.086816293
1549000,0.0869841838
1550000,0.0856429809
1551000,0.093562846
1552000,0.0905652175
1553000,0.0851032083
1554000,0.0731530558
1555000,0.0694374211
1556000,0.0636361321
1557000,0.0576880868
1558000,0.0542934456
1559000,0.0474020792
1560000,0.0413325027
1561000,0.0340089444
1562000,0.0335448258
1563000,0.0319830064
1564000,0.0324721916
1565000,0.0369906586
1566000,0.044774893
1567000,0.0506780535
1568000,0.0523854115
1569000,0.0577105005
1570000,0.0589693046
1571000,0.0653383921
1572000,0.0658764798
1573000,0.0680805374
1574000,0.0720900992
1575000,0.0757860849
1576000,0.0714950428
1577000,0.0663962272
1578000,0.0642989058
1579000,0.0588391578
1580000,0.0605426535
1581000,0.0528980013
1582000,0.0576700972
1583000,0.0607108512
1584000,0.0612767805
1585000,0.0549992741
1586000,0.0576551244
1587000,0.0590238738
1588000,0.0597055168
1589000,0.0643263062
1590000,0.0633719441
1591000,0.0631669416
1592000,0.057085455
1593000,0.0638436756
1594000,0.0636629517
1595000,0.0640092654
1596000,0.0596035777
1597000,0.0581801097
1598000,0.058612728
1599000,0.054137282
1600000,0.0524520822
1601000,0.051939347
1602000,0.0494053627
1603000,0.0476015192
1604000,0.0446001995
1605000,0.0481586347
1606000,0.0525452811
1607000,0.0582684343
1608000,0.0589511526
1609000,0.0593972966
1610000,0.0595542214
1611000,0.0593352115
1612000,0.0596440631
1613000,0.0488510357
1614000,0.0520779113
1615000,0.0492088799
1616000,0.0450487876
1617000,0.0391565292
1618000,0.0383973195
1619000,0.0378591849
1620000,0.0378376504
1621000,0.0376957466
1622000,0.0374926859
1623000,0.0411716257
1624000,0.0458992214
1625000,0.0464862662
1626000,0.0510590579
1627000,0.0563426809
1628000,0.0621691047
1629000,0.0651237931
1630000,0.0732046542
1631000,0.0769059839
1632000,0.0781976881
1633000,0.0760783679
1634000,0.0737622729
1635000,0.0805842008
1636000,0.084868363
1637000,0.0804894667
1638000,0.0849867632
1639000,0.0887009213
1640000,0.0862001962
1641000,0.0881583704
1642000,0.0897022998
1643000,0.0985637221
1644000,0.0973708757
1645000,0.0969744035
1646000,0.0898653029
1647000,0.0894989909
1648000,0.0792220086
1649000,0.0725968621
1650000,0.0671761554
1651000,0.0722936583
1652000,0.0763966082
1653000,0.0688595735
1654000,0.0642525305
1655000,0.0559930815
1656000,0.0531470615
1657000,0.0531238829
1658000,0.0536870585
1659000,0.0548064645
1660000,0.0550356518
1661000,0.0448091657
1662000,0.0399721401
1663000,0.0444629734
1664000,0.0440282885
1665000,0.0426020995
1666000,0.0418915494
1667000,0.0420126521
1668000,0.055041407
1669000,0.05695546
1670000,0.0602141243
1671000,0.0672930937
1672000,0.0797808018
1673000,0.0789297078
1674000,0.0814520036
1675000,0.0836917433
1676000,0.0855124886
1677000,0.0864504422
1678000,0.0737476854
1679000,0.0720698272
1680000,0.0752978804
1681000,0.0827751705
1682000,0.0769569591
1683000,0.0765707083
1684000,0.0752310407
1685000,0.0765575147
1686000,0.0781949129
1687000,0.0780829316
1688000,0.0796480807
1689000,0.0820138866
1690000,0.0796458473
1691000,0.0747834374
1692000,0.0693431612
1693000,0.0650287422
1694000,0.0625119302
1695000,0.0591694474
1696000,0.0555738336
1697000,0.0545658971
1698000,0.051177287
1699000,0.0470430958
1700000,0.0447800289
1701000,0.0426421358
1702000,0.0407118882
1703000,0.0388257862
1704000,0.037698573
1705000,0.0362526062
1706000,0.0355748413
1707000,0.0339779297
1708000,0.0334244256
1709000,0.0331426406
1710000,0.0299590529
1711000,0.0288213175
1712000,0.0326027137
1713000,0.0400504087
1714000,0.0484240853
1715000,0.060726486
1716000,0.0678172136
1717000,0.0712960023
1718000,0.0734503627
1719000,0.0755339585
1720000,0.0801459982
1721000,0.0793274244
1722000,0.0754728984
1723000,0.0678669967
1724000,0.0598549972
1725000,0.0565215523
1726000,0.063083388
1727000,0.0670678181
1728000,0.0677424279
1729000,0.0720178012
1730000,0.0768389544
1731000,0.0788912545
1732000,0.0822017547
1733000,0.0848514802
1734000,0.0867300922
1735000,0.0804277192
1736000,0.0681294004
1737000,0.0625784205
1738000,0.0612863677
1739000,0.0558689053
1740000,0.0472559085
1741000,0.0395386128
1742000,0.0362533068
1743000,0.0397798473
1744000,0.043721352
1745000,0.0426425854
1746000,0.0481046181
1747000,0.0629848849
1748000,0.0762559045
1749000,0.0856752347
1750000,0.091560766
1751000,0.0932866119
1752000,0.0935345494
1753000,0.0883871508
1754000,0.083619
1755000,0.0831586771
1756000,0.1339017441
1757000,0.1226991831
1758000,0.1114971819
1759000,0.1080742872
1760000,0.115461507
1761000,0.1243896355
1762000,0.1261480452
1763000,0.1294350644
1764000,0.1299037931
1765000,0.1289146652
1766000,0.0793070015
1767000,0.0793011948
1768000,0.0802033498
1769000,0.0760506916
1770000,0.0642215492
1771000,0.05465373
1772000,0.0521340839
1773000,0.0491566026
1774000,0.0485668259
1775000,0.0495933959
1776000,0.0426085378
1777000,0.0372367854
1778000,0.0338927258
1779000,0.0320617899
1780000,0.0305963128
1781000,0.0293386089
1782000,0.0292255408
1783000,0.028054048
1784000,0.0268278367
1785000,0.0261069998
1786000,0.0312321598
1787000,0.0402439024
1788000,0.0421759873
1789000,0.0419880081
1790000,0.0420567854
1791000,0.0566745405
1792000,0.0689371669
1793000,0.0768588389
1794000,0.0827629558
1795000,0.088007662
1796000,0.0910032509
1797000,0.0872519036
1798000,0.0933673489
1799000,0.0954668038
1800000,0.0956893306
1801000,0.0804283583
1802000,0.0671249586
1803000,0.0589056182
1804000,0.052841383
1805000,0.0471306851
1806000,0.0430991856
1807000,0.0440509096
1808000,0.0368908326
1809000,0.0419491173
1810000,0.046662469
1811000,0.0563104533
1812000,0.0682058225
1813000,0.0716565815
1814000,0.072993322
1815000,0.0831759046
1816000,0.0898020399
1817000,0.088815565
1818000,0.0890536279
1819000,0.0831364471
1820000,0.0786661447
1821000,0.0696977274
1822000,0.0585697352
1823000,0.0559799729
1824000,0.0682929636
1825000,0.0703895972
1826000,0.0707195898
1827000,0.0775185483
1828000,0.0851404254
1829000,0.0865625966
1830000,0.0914827087
1831000,0.0946930556
1832000,0.0948661714
1833000,0.0990218691
1834000,0.095944388
1835000,0.091960719
1836000,0.0928379012
1837000,0.0879443445
1838000,0.09205237
1839000,0.095683327
1840000,0.0934135558
1841000,0.0932889213
1842000,0.0962287329
1843000,0.0989427236
1844000,0.0919397497
1845000,0.0847029059
1846000,0.0826701553
1847000,0.0796916195
1848000,0.0670943916
1849000,0.0686470937
1850000,0.0692740234
1851000,0.069132948
1852000,0.0670767947
1853000,0.0605007483
1854000,0.0576221837
1855000,0.0575773873
1856000,0.0477478915
1857000,0.0440260321
1858000,0.0435035258
1859000,0.0470559924
1860000,0.04805032
1861000,0.0480849606
1862000,0.0486805096
1863000,0.0487197925
1864000,0.0517605924
1865000,0.0564798321
1866000,0.0583594325
1867000,0.0636269579
1868000,0.066220949
1869000,0.0542441612
1870000,0.053282522
1871000,0.0542907659
1872000,0.0542981567
1873000,0.0538257864
1874000,0.0511809788
1875000,0.0465891891
1876000,0.0443711523
1877000,0.0450748888
1878000,0.0483878947
1879000,0.0540813568
1880000,0.0521784293
1881000,0.0505398582
1882000,0.0493014952
1883000,0.0579541809
1884000,0.0622739785
1885000,0.0683963795
1886000,0.0695340421
1887000,0.067920397
1888000,0.0631533497
1889000,0.060077782
1890000,0.0611123135
1891000,0.0616005457
1892000,0.0660461065
1893000,0.0615051748
1894000,0.0609041056
1895000,0.0675273967
1896000,0.0739147173
1897000,0.0736251846
1898000,0.0756047368
1899000,0.0837158218
1900000,0.0925125215
1901000,0.0967870366
1902000,0.0961474319
1903000,0.0965259964
1904000,0.0957293263
1905000,0.0880890114
1906000,0.0939831917
1907000,0.0958879306
1908000,0.0979682488
1909000,0.0941763964
1910000,0.0907906686
1911000,0.0913328916
1912000,0.0904944693
1913000,0.0876827506
1914000,0.085595283
1915000,0.0808208455
1916000,0.0681332096
1917000,0.0624023138
1918000,0.0573865231
1919000,0.0510710203
1920000,0.0423924324
1921000,0.0343746293
1922000,0.0315707235
1923000,0.0379215971
1924000,0.0422808352
1925000,0.0513019603
1926000,0.0559152406
1927000,0.0603235177
1928000,0.0644807599
1929000,0.067994386
1930000,0.0728224007
1931000,0.0754342897
1932000,0.0793319393
1933000,0.076741343
1934000,0.0719804761
1935000,0.0675842798
1936000,0.066750621
1937000,0.0670406769
1938000,0.0642558137
1939000,0.0611632734
1940000,0.0565195273
1941000,0.0608957563
1942000,0.0632340398
1943000,0.0656936528
1944000,0.067612792
1945000,0.0661794486
1946000,0.0644544972
1947000,0.0653557605
1948000,0.0687657157
1949000,0.0749440445
1950000,0.0788624283
1951000,0.0757042573
1952000,0.0700554295
1953000,0.0630515692
1954000,0.0611438496
1955000,0.0578578309
1956000,0.0564330817
1957000,0.0512617854
1958000,0.0462040027
1959000,0.0396892808
1960000,0.0361645934
1961000,0.0376205077
1962000,0.0412080482
1963000,0.040962945
1964000,0.0418560605
1965000,0.0493944359
1966000,0.0530097646
1967000,0.0522585915
1968000,0.0515654145
1969000,0.0505649287
1970000,0.0564789327
1971000,0.0560330525
1972000,0.0579736589
1973000,0.0614984331
1974000,0.0711582021
1975000,0.0758560933
1976000,0.0765381489
1977000,0.0791632104
1978000,0.0825526738
1979000,0.0856153764
1980000,0.0809859008
1981000,0.077648737
1982000,0.076050822
1983000,0.077138188
1984000,0.0676356142
1985000,0.0645477772
1986000,0.0666728679
1987000,0.0672410253
1988000,0.0684986665
1989000,0.0670924079
1990000,0.0666282787
1991000,0.0655215018
1992000,0.0634036373
1993000,0.066410177
1994000,0.0695806285
1995000,0.0668745873
1996000,0.0621969169
1997000,0.0634326138
1998000,0.0631342101
1999000,0.0677627682
2000000,0.0678325932
2001000,0.0678151943
2002000,0.0678164529
2003000,0.0606225139
2004000,0.0557434708
2005000,0.0486989739
2006000,0.0457125869
2007000,0.0481955686
2008000,0.0470192416
2009000,0.0431540448
2010000,0.0420080514
2011000,0.042116912
2012000,0.0390600951
2013000,0.0382013933
2014000,0.0374597069
2015000,0.0375313255
2016000,0.0373930039
2017000,0.030664757
2018000,0.036713297
2019000,0.0406620251
2020000,0.0437563864
2021000,0.0452536953
2022000,0.0470087377
2023000,0.0483631325
2024000,0.0497733527
2025000,0.049650605
2026000,0.1081068984
2027000,0.1211697845
2028000,0.1154046584
2029000,0.1120124713
2030000,0.1129717675
2031000,0.1111658097
2032000,0.1087890543
2033000,0.1065044715
2034000,0.1050701956
2035000,0.104579475
2036000,0.0460368266
2037000,0.0322297644
2038000,0.028406307
2039000,0.0254321156
2040000,0.0215949915
2041000,0.0279967527
2042000,0.0308967769
2043000,0.0330938521
2044000,0.0346270824
2045000,0.0360525381
2046000,0.0373942937
2047000,0.0440953401
2048000,0.0544719951
2049000,0.0696769168
2050000,0.0764409355
2051000,0.0712966364
2052000,0.0699468098
2053000,0.069038427
2054000,0.0681354053
2055000,0.0692509486
2056000,0.0711822311
2057000,0.0661883386
2058000,0.0566356143
2059000,0.042645127
2060000,0.0354389681
2061000,0.0462477663
2062000,0.0516193189
2063000,0.0543599321
2064000,0.0572314376
2065000,0.0577113824
2066000,0.0629408445
2067000,0.0729350997
2068000,0.076975119
2069000,0.078924917
2070000,0.0802235784
2071000,0.0695553588
2072000,0.0635494873
2073000,0.0603663665
2074000,0.0579778912
2075000,0.0558349813
2076000,0.0475311207
2077000,0.0362986591
2078000,0.0320223647
2079000,0.029367897
2080000,0.0281650151
2081000,0.0264682774
2082000,0.0256399177
2083000,0.0252508526
2084000,0.0242023521
2085000,0.0231768264
2086000,0.0229150998
2087000,0.0227725474
2088000,0.0227999066
2089000,0.0230668458
2090000,0.0224279979
2091000,0.0222339534
2092000,0.0219935056
2093000,0.0302461393
2094000,0.0412920677
2095000,0.0454256238
2096000,0.0473140777
2097000,0.0486926479
2098000,0.0501350065
2099000,0.0503480752
2100000,0.0511039345
2101000,0.0555989746
2102000,0.0583024468
2103000,0.0583401751
2104000,0.0496349893
2105000,0.0470587996
2106000,0.0475312003
2107000,0.0537673695
2108000,0.0555049093
2109000,0.0573543884
2110000,0.058240791
2111000,0.0549301688
2112000,0.0533793838
2113000,0.0563572644
2114000,0.0630095479
2115000,0.0716967264
2116000,0.0768369168
2117000,0.0717860846
2118000,0.0750028721
2119000,0.0829678271
2120000,0.0899888764
2121000,0.0919579277
2122000,0.1003764614
2123000,0.0934130768
2124000,0.0881548089
2125000,0.0823625582
2126000,0.082550964
2127000,0.0839300552
2128000,0.0802966797
2129000,0.0819127957
2130000,0.0804846843
2131000,0.0808082882
2132000,0.0741727899
2133000,0.071450231
2134000,0.0700550726
2135000,0.0721955514
2136000,0.0742099163
2137000,0.0741067695
2138000,0.074512716
2139000,0.0641807225
2140000,0.0592105166
2141000,0.0570900364
2142000,0.0612714058
2143000,0.0616577657
2144000,0.0604330073
2145000,0.0550215624
2146000,0.0462659065
2147000,0.0428355535
2148000,0.0398606687
2149000,0.0425229585
2150000,0.0419018175
2151000,0.0477744075
2152000,0.0485538988
2153000,0.0540017325
2154000,0.0605808428
2155000,0.0634220111
2156000,0.0639614119
2157000,0.0701058413
2158000,0.0711005304
2159000,0.0692640435
2160000,0.0739434654
2161000,0.069413537
2162000,0.0680703478
2163000,0.0676024732
2164000,0.0645040531
2165000,0.0687002661
2166000,0.0734161113
2167000,0.0679450003
2168000,0.0668868001
2169000,0.069768669
2170000,0.0667051738
2171000,0.0674134101
2172000,0.0682291777
2173000,0.0683107334
2174000,0.068107637
2175000,0.0676903841
2176000,0.0646633361
2177000,0.0643758955
2178000,0.0647743101
2179000,0.0678697216
2180000,0.0666634738
2181000,0.064000572
2182000,0.0641027433
2183000,0.0671155484
2184000,0.0660917557
2185000,0.0615909888
2186000,0.0601967366
2187000,0.0611267176
2188000,0.0615417812
2189000,0.0649814973
2190000,0.0697764915
2191000,0.0725290464
2192000,0.070425368
2193000,0.0655349258
2194000,0.06461031
2195000,0.0691609886
2196000,0.0688839772
2197000,0.0678107436
2198000,0.0672716009
2199000,0.0554158196
2200000,0.0491177984
2201000,0.0457307155
2202000,0.042881407
2203000,0.0424618373
2204000,0.0614112263
2205000,0.0610412514
2206000,0.0644495596
2207000,0.0656297051
2208000,0.0673823385
2209000,0.0689112897
2210000,0.070239179
2211000,0.0716743784
2212000,0.0715001278
2213000,0.0669444571
2214000,0.0462944566
2215000,0.0396963133
2216000,0.0352851877
2217000,0.0337308999
2218000,0.0318376002
2219000,0.0306045891
2220000,0.0289240012
2221000,0.0275468663
2222000,0.0258231821
2223000,0.025590637
2224000,0.0252428839
2225000,0.0301084027
2226000,0.0358505184
2227000,0.0481112692
2228000,0.0505011564
2229000,0.0512830556
2230000,0.0528212338
2231000,0.0570040171
2232000,0.064800317
2233000,0.0738881615
2234000,0.0770329092
2235000,0.073166767
2236000,0.0683929485
2237000,0.0578214528
2238000,0.0560555514
2239000,0.0557230122
2240000,0.0549628948
2241000,0.0511983713
2242000,0.0572708547
2243000,0.0555394711
2244000,0.0604244763
2245000,0.0645451149
2246000,0.0662722344
2247000,0.0664301638
2248000,0.0686243585
2249000,0.0682524299
2250000,0.073739519
2251000,0.0795978272
2252000,0.0724690807
2253000,0.0676851033
2254000,0.0601468672
2255000,0.0544956007
2256000,0.0580777337
2257000,0.0602938645
2258000,0.0642559658
2259000,0.065523206
2260000,0.060981626
2261000,0.0613786967
2262000,0.063182552
2263000,0.0640586142
2264000,0.0694208314
2265000,0.08154325
2266000,0.0792975399
2267000,0.077231917
2268000,0.0729849451
2269000,0.0730691142
2270000,0.0804690129
2271000,0.0808630222
2272000,0.074887521
2273000,0.0773262822
2274000,0.0765495784
2275000,0.0689317484
2276000,0.0669719879
2277000,0.0688190969
2278000,0.0776873682
2279000,0.080937191
2280000,0.0748507314
2281000,0.0725836267
2282000,0.0726501958
2283000,0.0764690339
2284000,0.0781592125
2285000,0.082300772
2286000,0.0871310731
2287000,0.0862653223
2288000,0.0769224586
2289000,0.0738427708
2290000,0.0764060791
2291000,0.0772484422
2292000,0.0791874018
2293000,0.0782556703
2294000,0.076401599
2295000,0.0792977747
2296000,0.0765235916
2297000,0.0754325038
2298000,0.0748582956
2299000,0.0740987371
2300000,0.0685018912
2301000,0.0631273783
2302000,0.0584646134
2303000,0.0497800071
2304000,0.0443229738
2305000,0.0327577435
2306000,0.0348255763
2307000,0.0410073501
2308000,0.0506844663
2309000,0.0552291788
2310000,0.0555840734
2311000,0.0623798683
2312000,0.0652244269
2313000,0.0661567312
2314000,0.0766572987
2315000,0.0859000232
2316000,0.083032037
2317000,0.0788804467
2318000,0.069621329
2319000,0.0665773292
2320000,0.0681491485
2321000,0.0629456161
2322000,0.0611943234
2323000,0.0611419064
2324000,0.0514239944
2325000,0.0469981135
2326000,0.051245
2327000,0.0486938869
2328000,0.0478755403
2329000,0.0463873489
2330000,0.051465414
2331000,0.0547411841
2332000,0.0625577429
2333000,0.0686943002
2334000,0.0763083309
2335000,0.084123487
2336000,0.0882837123
2337000,0.0998035756
2338000,0.1107123033
2339000,0.114512793
2340000,0.110619915
2341000,0.1079568465
2342000,0.1015980609
2343000,0.0970756544
2344000,0.092407765
2345000,0.0809355212
2346000,0.0690247309
2347000,0.0559986967
2348000,0.043482253
2349000,0.0385078065
2350000,0.0382001632
2351000,0.0451684583
2352000,0.0517599563
2353000,0.0532154138
2354000,0.0519218781
2355000,0.0598319838
2356000,0.0717413534
2357000,0.0753884214
2358000,0.0755191731
2359000,0.0754090038
2360000,0.0722259348
2361000,0.0623167912
2362000,0.0617614903
2363000,0.0631221482
2364000,0.0647321371
2365000,0.0584856813
2366000,0.0470653875
2367000,0.0447331111
2368000,0.0463888074
2369000,0.0472686105
2370000,0.1040028162
2371000,0.1283806488
2372000,0.1305809695
2373000,0.1288629852
2374000,0.1259820711
2375000,0.1316415399
2376000,0.1355970265
2377000,0.1371109649
2378000,0.1451108425
2379000,0.1494701444
2380000,0.1043299204
2381000,0.0849091385
2382000,0.0776386486
2383000,0.0755733255
2384000,0.0763780369
2385000,0.0684939898
2386000,0.0643220597
2387000,0.0619981931
2388000,0.0529684845
2389000,0.0481923343
2390000,0.0371256659
2391000,0.0324816891
2392000,0.0288742967
2393000,0.0274731736
2394000,0.0254053456
2395000,0.0249070056
2396000,0.0242774773
2397000,0.0234890034
2398000,0.0230842036
2399000,0.0229638246
2400000,0.0227197921
2401000,0.0227135944
2402000,0.0224738389
2403000,0.0220145833
2404000,0.0220379179
2405000,0.0217765643
2406000,0.0213313257
2407000,0.0287290882
2408000,0.0359468726
2409000,0.0400101176
2410000,0.0427223074
2411000,0.0447953169
2412000,0.0462502672
2413000,0.047621489
2414000,0.0489646338
2415000,0.0525679283
2416000,0.0636629249
2417000,0.0624380152
2418000,0.0586616388
2419000,0.0617138706
2420000,0.0617078033
2421000,0.0689858403
2422000,0.0772184409
2423000,0.0799911344
2424000,0.0813709373
2425000,0.0790562938
2426000,0.0696730599
2427000,0.0646957441
2428000,0.0633057733
2429000,0.058295845
2430000,0.066929596
2431000,0.0646011552
2432000,0.060531223
2433000,0.0615904456
2434000,0.063086356
2435000,0.0661741084
2436000,0.0732439943
2437000,0.0838336886
2438000,0.0868616725
2439000,0.0881800324
2440000,0.0807383944
2441000,0.0768506351
2442000,0.073142448
2443000,0.069226841
2444000,0.066514853
2445000,0.064001462
2446000,0.0562808618
2447000,0.0455861392
2448000,0.0409208501
2449000,0.0445896699
2450000,0.0456780184
2451000,0.0485131454
2452000,0.0515037737
2453000,0.0543287593
2454000,0.0576110141
2455000,0.0576154885
2456000,0.0649216776
2457000,0.0683066258
2458000,0.0726747487
2459000,0.0726036155
2460000,0.0774250064
2461000,0.0815671421
2462000,0.0823755315
2463000,0.0819951487
2464000,0.0809688367
2465000,0.0821947562
2466000,0.0781883691
2467000,0.0761637436
2468000,0.0743081328
2469000,0.0731270252
2470000,0.0675892442
2471000,0.0619596608
2472000,0.0617771863
2473000,0.059510952
2474000,0.0571063088
2475000,0.0544539569
2476000,0.0503988561
2477000,0.0480123658
2478000,0.0456620019
2479000,0.0400257444
2480000,0.0402201815
2481000,0.0423860834
2482000,0.0389096642
2483000,0.0435222861
2484000,0.0529080399
2485000,0.0586792523
2486000,0.0675620176
2487000,0.0793123373
2488000,0.0832563821
2489000,0.0839773911
2490000,0.0863499184
2491000,0.0877015116
2492000,0.096542017
2493000,0.097651689
2494000,0.0947804665
2495000,0.097942754
2496000,0.0948510701
2497000,0.0962592279
2498000,0.0980813794
2499000,0.1050377424
2500000,0.1014177808
2501000,0.1026439382
2502000,0.1018264023
2503000,0.0993502011
2504000,0.0925781122
2505000,0.0905384257
2506000,0.0872936733
2507000,0.076292508
2508000,0.0712540671
2509000,0.0642307589
2510000,0.0697816262
2511000,0.0662939873
2512000,0.0658051285
2513000,0.0706738595
2514000,0.074816763
2515000,0.0709002097
2516000,0.07043512
2517000,0.0700752328
2518000,0.0702363891
2519000,0.070082045
2520000,0.0622740164
2521000,0.0574497519
2522000,0.0486866621
2523000,0.0401297635
2524000,0.0355856938
2525000,0.0326709821
2526000,0.0310468423
2527000,0.0292099014
2528000,0.0282616359
2529000,0.0278635175
2530000,0.0271824256
2531000,0.0321929906
2532000,0.0335238994
2533000,0.0323247694
2534000,0.0318247855
2535000,0.0312913816
2536000,0.0308117897
2537000,0.0303323922
2538000,0.029276887
2539000,0.0282607357
2540000,0.0345873739
2541000,0.0359782327
2542000,0.0400111877
2543000,0.0476158401
2544000,0.0536374094
2545000,0.0586901317
2546000,0.0678129208
2547000,0.0760506873
2548000,0.0808347026
2549000,0.0857754084
2550000,0.0861571089
2551000,0.0820517633
2552000,0.0799370429
2553000,0.0759340512
2554000,0.0704777925
2555000,0.0687103915
2556000,0.0654376418
2557000,0.0630148868
2558000,0.0609281919
2559000,0.0656187937
2560000,0.0673194769
2561000,0.0733926672
2562000,0.0708877505
2563000,0.0714600205
2564000,0.0845235721
2565000,0.0876792372
2566000,0.0854578777
2567000,0.0814254461
2568000,0.0798108721
2569000,0.0739436801
2570000,0.0694040346
2571000,0.0645862753
2572000,0.0679505688
2573000,0.0697625333
2574000,0.0679255686
2575000,0.0702414809
2576000,0.0734215595
2577000,0.0778090202
2578000,0.0805705768
2579000,0.087105885
2580000,0.0992576922
2581000,0.1067768048
2582000,0.1066420752
2583000,0.1038766897
2584000,0.0943925237
2585000,0.0872042233
2586000,0.081832222
2587000,0.0774276582
2588000,0.0754013055
2589000,0.1169504988
2590000,0.1016984518
2591000,0.0897452149
2592000,0.0987746585
2593000,0.1093666712
2594000,0.1168012843
2595000,0.1254923912
2596000,0.1301942075
2597000,0.131976526
2598000,0.1429493118
2599000,0.0954878636
2600000,0.0964024129
2601000,0.0980862839
2602000,0.0975745468
2603000,0.0949094777
2604000,0.0896064611
2605000,0.0820747138
2606000,0.0781626236
2607000,0.0772349527
2608000,0.0673051082
2609000,0.0654028197
2610000,0.0660354957
2611000,0.0747728637
2612000,0.0723883615
2613000,0.068581042
2614000,0.0701989807
2615000,0.0735760757
2616000,0.0754168084
2617000,0.0764317103
2618000,0.0767059035
2619000,0.0778107542
2620000,0.0780575571
2621000,0.069954998
2622000,0.0617490334
2623000,0.0598005342
2624000,0.0627292121
2625000,0.0590538597
2626000,0.0569223843
2627000,0.0546191383
2628000,0.0552815695
2629000,0.0627033839
2630000,0.0674239275
2631000,0.075066496
2632000,0.0837717155
2633000,0.0901109736
2634000,0.0935062308
2635000,0.0963779419
2636000,0.0979411716
2637000,0.0993421974
2638000,0.0998582498
2639000,0.0983121192
2640000,0.1005238779
2641000,0.0985002851
2642000,0.0899764729
2643000,0.0809534412
2644000,0.0748762769
2645000,0.0739058913
2646000,0.0718174537
2647000,0.0756164447
2648000,0.0803262655
2649000,0.0757667791
2650000,0.0686498534
2651000,0.062479542
2652000,0.0616129664
2653000,0.0606145616
2654000,0.0557140116
2655000,0.0532483229
2656000,0.0528296267
2657000,0.0473458341
2658000,0.0440226461
2659000,0.0521343965
2660000,0.0556507454
2661000,0.0572826413
2662000,0.0579500209
2663000,0.0581085609
2664000,0.0620565068
2665000,0.0654675766
2666000,0.0679274292
2667000,0.068612873
2668000,0.0640159012
2669000,0.0519058796
2670000,0.0461865137
2671000,0.0427628133
2672000,0.040375986
2673000,0.0391509419
2674000,0.033895093
2675000,0.0288906839
2676000,0.0255873448
2677000,0.0247701776
2678000,0.0237150763
2679000,0.0229840208
2680000,0.0223699575
2681000,0.0220751164
2682000,0.021587709
2683000,0.0242518457
2684000,0.0303257359
2685000,0.0337626227
2686000,0.0396649791
2687000,0.039786555
2688000,0.0474805501
2689000,0.0566263188
2690000,0.070584364
2691000,0.0788661403
2692000,0.0945817381
2693000,0.1065614292
2694000,0.108696187
2695000,0.1089291934
2696000,0.1061396727
2697000,0.107756943
2698000,0.1024273443
2699000,0.0956142578
2700000,0.0831257312
2701000,0.0767621332
2702000,0.062150467
2703000,0.0595951749
2704000,0.0609564159
2705000,0.0645890911
2706000,0.0714041987
2707000,0.0761327393
2708000,0.0798421832
2709000,0.0808431326
2710000,0.081152821
2711000,0.0810062723
2712000,0.0818114846
2713000,0.0702762286
2714000,0.061513462
2715000,0.0546527336
2716000,0.045388219
2717000,0.0388972535
2718000,0.0337820456
2719000,0.0311662103
2720000,0.0304315938
2721000,0.0357239364
2722000,0.0437357077
2723000,0.0506003244
2724000,0.0565541491
2725000,0.0647252113
2726000,0.0679927099
2727000,0.0704846546
2728000,0.0723062843
2729000,0.0736799725
2730000,0.0742587255
2731000,0.0689167947
2732000,0.0605811974
2733000,0.0534009413
2734000,0.047476961
2735000,0.0390543829
2736000,0.0357469834
2737000,0.0330399647
2738000,0.0311173087
2739000,0.029695661
2740000,0.0348353123
2741000,0.041169841
2742000,0.0436041749
2743000,0.0450489633
2744000,0.0474938431
2745000,0.0493180257
2746000,0.0535452636
2747000,0.0620716347
2748000,0.06973254
2749000,0.0757209467
2750000,0.0735785358
2751000,0.0755392042
2752000,0.0792185189
2753000,0.0790343727
2754000,0.0842351062
2755000,0.0930601072
2756000,0.0962877928
2757000,0.0984241695
2758000,0.1033773653
2759000,0.1041923058
2760000,0.1086476987
2761000,0.1079709863
2762000,0.1030623121
2763000,0.1027524805
2764000,0.095159208
2765000,0.0847594235
2766000,0.0771233187
2767000,0.0664661476
2768000,0.0540220656
2769000,0.0469807738
2770000,0.0392078667
2771000,0.0373704659
2772000,0.0404351494
2773000,0.0406000064
2774000,0.0408397689
2775000,0.0410714661
2776000,0.0412767749
2777000,0.0416767568
2778000,0.0464784641
2779000,0.0485620528
2780000,0.0491189376
2781000,0.0429128043
2782000,0.0429552196
2783000,0.0462988807
2784000,0.0583412174
2785000,0.0604203418
2786000,0.0692657827
2787000,0.0733466283
2788000,0.0696424467
2789000,0.0693373024
2790000,0.068902652
2791000,0.0692714721
2792000,0.0648221583
2793000,0.0604464254
2794000,0.050121803
2795000,0.0510968516
2796000,0.0459787119
2797000,0.0520357752
2798000,0.0613105978
2799000,0.0701493321
2800000,0.0790300184
2801000,0.0834337185
2802000,0.0853590065
2803000,0.090873146
2804000,0.0945781439
2805000,0.0944000235
2806000,0.096167825
2807000,0.091492643
2808000,0.0880091976
2809000,0.0850061464
2810000,0.0799560055
2811000,0.0775449071
2812000,0.0776235853
2813000,0.0788426834
2814000,0.0753145646
2815000,0.0732074499
2816000,0.0752355052
2817000,0.0782706218
2818000,0.0722159576
2819000,0.0718177923
2820000,0.0720929119
2821000,0.0750584185
2822000,0.0773121493
2823000,0.0758069851
2824000,0.0789121086
2825000,0.0816894359
2826000,0.0788520829
2827000,0.0732365276
2828000,0.0789616235
2829000,0.0788308625
2830000,0.0759942633
2831000,0.0732002465
2832000,0.0736259443
2833000,0.0701279279
2834000,0.0655206573
2835000,0.0632139157
2836000,0.063462759
2837000,0.066312873
2838000,0.0638134022
2839000,0.063211601
2840000,0.0616354758
2841000,0.057844398
2842000,0.0568138627
2843000,0.0611517314
2844000,0.0647055777
2845000,0.0697683401
2846000,0.0755946894
2847000,0.0780262636
2848000,0.0809677115
2849000,0.0772768013
2850000,0.0798294927
2851000,0.0842208163
2852000,0.0861861094
2853000,0.0823527311
2854000,0.0843312136
2855000,0.0784126653
2856000,0.0727649322
2857000,0.0741467458
2858000,0.0800145695
2859000,0.0924387945
2860000,0.0937698262
2861000,0.0912861728
2862000,0.0855901212
2863000,0.08273186
2864000,0.0763626102
2865000,0.0754448967
2866000,0.0699623999
2867000,0.0598816982
2868000,0.046379178
2869000,0.0331088225
2870000,0.0374207376
2871000,0.0458339863
2872000,0.0538899553
2873000,0.0563474296
2874000,0.0571369242
2875000,0.0662916305
2876000,0.0735980249
2877000,0.0848636169
2878000,0.0926330854
2879000,0.101632048
2880000,0.0967450827
2881000,0.0899322488
2882000,0.0890481255
2883000,0.0978817816
2884000,0.1020745751
2885000,0.102029382
2886000,0.0981192907
2887000,0.0883732276
2888000,0.0867239527
2889000,0.079035082
2890000,0.0780085517
2891000,0.0799147596
2892000,0.0788133744
2893000,0.0701487103
2894000,0.0703070338
2895000,0.0731118648
2896000,0.0740188358
2897000,0.0751041052
2898000,0.0773477843
2899000,0.0799353921
2900000,0.0796335136
2901000,0.0770175625
2902000,0.0715258443
2903000,0.0702009093
2904000,0.0647968685
2905000,0.0530324406
2906000,0.0549109536
2907000,0.0561415796
2908000,0.0534721001
2909000,0.0511975752
2910000,0.0494735619
2911000,0.0484331255
2912000,0.0476956177
2913000,0.054330706
2914000,0.0570298146
2915000,0.0595584334
2916000,0.0568713751
2917000,0.0601828469
2918000,0.0620122276
2919000,0.0624172902
2920000,0.0697851123
2921000,0.080395845
2922000,0.0855416428
2923000,0.092947938
2924000,0.101298814
2925000,0.1060041617
2926000,0.1100528879
2927000,0.1129310656
2928000,0.1093557919
2929000,0.1087982879
2930000,0.1062756467
2931000,0.098117943
2932000,0.0932121986
2933000,0.0810968231
2934000,0.0817526024
2935000,0.0862712622
2936000,0.0846067113
2937000,0.0819394552
2938000,0.084796333
2939000,0.0922751002
2940000,0.0927880739
2941000,0.1031251885
2942000,0.109389182
2943000,0.1104829932
2944000,0.103899515
2945000,0.1001144608
2946000,0.0970950287
2947000,0.0895843781
2948000,0.0896648807
2949000,0.0842136183
2950000,0.0862701467
2951000,0.0793542614
2952000,0.0751278954
2953000,0.0730478626
2954000,0.0680259964
2955000,0.0650040407
2956000,0.0686254546
2957000,0.0777076379
2958000,0.0763826008
2959000,0.0770782358
2960000,0.0775745813
2961000,0.0777924427
2962000,0.0797446077
2963000,0.0800866854
2964000,0.0812860552
2965000,0.0770258804
2966000,0.0710391964
2967000,0.0629126152
2968000,0.0583310575
2969000,0.0577617495
2970000,0.0579718474
2971000,0.0535508551
2972000,0.0654576354
2973000,0.0698561762
2974000,0.0734667201
2975000,0.0755176846
2976000,0.0775566727
2977000,0.0795759757
2978000,0.0805611561
2979000,0.0800791085
2980000,0.0824045758
2981000,0.0834565296
2982000,0.0788925563
2983000,0.0818183705
2984000,0.0900673482
2985000,0.0993858514
2986000,0.0998251457
2987000,0.1052634584
2988000,0.104784206
2989000,0.0995249368
2990000,0.0880114135
2991000,0.0836721068
2992000,0.0709209023
2993000,0.0605794698
2994000,0.0464521812
2995000,0.0336019746
2996000,0.0355154052
2997000,0.037032199
2998000,0.0455215516
2999000,0.0601880752
3000000,0.0674428112
3001000,0.0730663857
3002000,0.0762806275
3003000,0.0794174484
3004000,0.0819808133
3005000,0.0837279419
3006000,0.079857137
3007000,0.070814226
3008000,0.0617712988
3009000,0.0482960053
3010000,0.0453527057
3011000,0.0497349747
3012000,0.0477856171
3013000,0.0451594233
3014000,0.0525556468
3015000,0.057201052
3016000,0.0603540764
3017000,0.0653938795
3018000,0.0747991292
3019000,0.0773049274
3020000,0.0795036269
3021000,0.0779276281
3022000,0.0867520945
3023000,0.0932418353
3024000,0.0851833923
3025000,0.093003795
3026000,0.0949200165
3027000,0.1023015647
3028000,0.0995135984
3029000,0.108051643
3030000,0.1138655008
3031000,0.1115526982
3032000,0.1155096168
3033000,0.117705608
3034000,0.1278239404
3035000,0.1196128197
3036000,0.1158451322
3037000,0.1130692449
3038000,0.1114191019
3039000,0.101709967
3040000,0.0902192045
3041000,0.0857983548
3042000,0.0844077998
3043000,0.0866278445
3044000,0.0822324591
3045000,0.0792994515
3046000,0.0869332557
3047000,0.0883410407
3048000,0.0883795615
3049000,0.0877839598
3050000,0.0884209448
3051000,0.0883018555
3052000,0.0792375856
3053000,0.0757595557
3054000,0.0709405087
3055000,0.0753751642
3056000,0.0708213872
3057000,0.059250018
3058000,0.0531552193
3059000,0.0512013842
3060000,0.0496567485
3061000,0.0481055612
3062000,0.0496109817
3063000,0.0415548611
3064000,0.0418778246
3065000,0.0393575998
3066000,0.0395070966
3067000,0.0485267256
3068000,0.0526160055
3069000,0.0555629012
3070000,0.0551925259
3071000,0.0584840698
3072000,0.066865674
3073000,0.0746443489
3074000,0.0783449336
3075000,0.0759460908
3076000,0.0743319622
3077000,0.0719682072
3078000,0.0704649127
3079000,0.0684931325
3080000,0.0691289246
3081000,0.0662624543
3082000,0.0661462568
3083000,0.0705631459
3084000,0.0664809658
3085000,0.0653059667
3086000,0.0619377054
3087000,0.0590912603
3088000,0.068214064
3089000,0.0788835758
3090000,0.0884546989
3091000,0.0888191736
3092000,0.0762351855
3093000,0.0729555096
3094000,0.0759164761
3095000,0.0759504281
3096000,0.0830764171
3097000,0.0846800566
3098000,0.0755648089
3099000,0.0668944087
3100000,0.0669485197
3101000,0.072231726
3102000,0.0770180205
3103000,0.0706054124
3104000,0.0655004606
3105000,0.0714098055
3106000,0.0754390792
3107000,0.0800072453
3108000,0.0800860388
3109000,0.0808964295
3110000,0.0719955109
3111000,0.0666755855
3112000,0.0701935015
3113000,0.0734907915
3114000,0.0783511425
3115000,0.072546189
3116000,0.0623138062
3117000,0.0591466803
3118000,0.0711013617
3119000,0.0725939397
3120000,0.0750802766
3121000,0.0769474997
3122000,0.0720742841
3123000,0.0725727725
3124000,0.0760424518
3125000,0.0782306726
3126000,0.078041782
3127000,0.0727580411
3128000,0.0697292562
3129000,0.0712169374
3130000,0.070316942
3131000,0.0707132223
3132000,0.0717550905
3133000,0.0723814159
3134000,0.07339538
3135000,0.0732347412
3136000,0.0768130592
3137000,0.0847302482
3138000,0.0761624608
3139000,0.0726662713
3140000,0.073989018
3141000,0.0758663633
3142000,0.0754826497
3143000,0.0706353909
3144000,0.0669708623
3145000,0.0718681914
3146000,0.0757254596
3147000,0.0710865992
3148000,0.0777347976
3149000,0.0777600394
3150000,0.0811834813
3151000,0.0837658331
3152000,0.0878954393
3153000,0.0987572067
3154000,0.0973867023
3155000,0.0965086271
3156000,0.0964907696
3157000,0.095199501
3158000,0.0943359235
3159000,0.0943232907
3160000,0.0925344605
3161000,0.0870267124
3162000,0.0824813542
3163000,0.073725189
3164000,0.0702784931
3165000,0.0637082383
3166000,0.0630726686
3167000,0.0680240851
3168000,0.0639149152
3169000,0.0685981762
3170000,0.0662972905
3171000,0.0731733001
3172000,0.074536309
3173000,0.0736645009
3174000,0.073893354
3175000,0.0742339757
3176000,0.0661799382
3177000,0.060251317
3178000,0.0669871288
3179000,0.0598335653
3180000,0.0641224809
3181000,0.0618135683
3182000,0.0575598989
3183000,0.0604149724
3184000,0.0716743294
3185000,0.0793646378
3186000,0.083528883
3187000,0.0815597654
3188000,0.0740910793
3189000,0.0765541946
3190000,0.0720819176
3191000,0.0739968653
3192000,0.0758786407
3193000,0.0807091626
3194000,0.0725684112
3195000,0.0663908864
3196000,0.0670422777
3197000,0.0713197787
3198000,0.0725696913
3199000,0.0696451773
3200000,0.0665107996
3201000,0.0636295197
3202000,0.0684124463
3203000,0.0596899274
3204000,0.0565568702
3205000,0.0548854338
3206000,0.0506005638
3207000,0.0458330109
3208000,0.0414635925
3209000,0.0459165319
3210000,0.0486321928
3211000,0.0446376047
3212000,0.0462326358
3213000,0.0482228569
3214000,0.0485974759
3215000,0.0490755457
3216000,0.0541237748
3217000,0.0618221401
3218000,0.0644734318
3219000,0.0660329669
3220000,0.0689140514
3221000,0.0714924856
3222000,0.0682146117
3223000,0.0691661615
3224000,0.0816004456
3225000,0.091961745
3226000,0.0926187097
3227000,0.0891090297
3228000,0.0889653283
3229000,0.0854446352
3230000,0.0834270603
3231000,0.0814398132
3232000,0.0769513625
3233000,0.0740973713
3234000,0.0622106058
3235000,0.05269648
3236000,0.0552762598
3237000,0.0528268723
3238000,0.0527113547
3239000,0.0576445476
3240000,0.0608995795
3241000,0.0663391295
3242000,0.0708951893
3243000,0.074810637
3244000,0.0804791304
3245000,0.0825683651
3246000,0.0820000875
3247000,0.0841644969
3248000,0.0853444715
3249000,0.0818644463
3250000,0.0798102926
3251000,0.075730112
3252000,0.075537463
3253000,0.0743398143
3254000,0.0731873634
3255000,0.0699719412
3256000,0.0623514855
3257000,0.0661226055
3258000,0.0685855672
3259000,0.0694727534
3260000,0.0728757743
3261000,0.0771466093
3262000,0.076414045
3263000,0.0744397163
3264000,0.068981499
3265000,0.0723720401
3266000,0.0861051957
3267000,0.0870116616
3268000,0.0818849246
3269000,0.0783765474
3270000,0.0707271388
3271000,0.071756512
3272000,0.0686921125
3273000,0.0663794105
3274000,0.0710302155
3275000,0.0774231006
3276000,0.0712329833
3277000,0.0638915207
3278000,0.067136171
3279000,0.0691240184
3280000,0.0752965486
3281000,0.081242638
3282000,0.0849340159
3283000,0.0972977487
3284000,0.1000687504
3285000,0.0933285896
3286000,0.087857662
3287000,0.0924244679
3288000,0.0913748179
3289000,0.0979517466
3290000,0.0921652862
3291000,0.0782837771
3292000,0.0719631787
3293000,0.0667501406
3294000,0.0683495388
3295000,0.0752819652
3296000,0.0763946474
3297000,0.0747054777
3298000,0.0760426293
3299000,0.0715733593
3300000,0.084085579
3301000,0.0886558424
3302000,0.0932721944
3303000,0.0916468334
3304000,0.0840726014
3305000,0.074048816
3306000,0.0704846003
3307000,0.0659783592
3308000,0.0612010094
3309000,0.0552436577
3310000,0.045300926
3311000,0.0469354851
3312000,0.0568129024
3313000,0.0555614413
3314000,0.0573446041
3315000,0.0576398067
3316000,0.0590463275
3317000,0.0603554827
3318000,0.0722172621
3319000,0.0827142522
3320000,0.0888366308
3321000,0.0883934434
3322000,0.0859423935
3323000,0.0981659729
3324000,0.1010079047
3325000,0.1013195773
3326000,0.099447015
3327000,0.1076021945
3328000,0.1017045075
3329000,0.0958220727
3330000,0.09582464
3331000,0.0996315049
3332000,0.096736231
3333000,0.0854121027
3334000,0.0788227912
3335000,0.0800353282
3336000,0.084957756
3337000,0.0819345849
3338000,0.0791915334
3339000,0.0769113906
3340000,0.069101445
3341000,0.0597122963
3342000,0.0513341372
3343000,0.0458715396
3344000,0.0456223705
3345000,0.0438424994
3346000,0.038890101
3347000,0.0328881588
3348000,0.0378722163
3349000,0.0381482273
3350000,0.0452012679
3351000,0.0471090375
3352000,0.0482260706
3353000,0.0544176459
3354000,0.0643508727
3355000,0.0656731975
3356000,0.0721043111
3357000,0.0752820346
3358000,0.0698119612
3359000,0.0720402853
3360000,0.0730447091
3361000,0.0811681564
3362000,0.0938123605
3363000,0.0934069626
3364000,0.0996208552
3365000,0.1032334142
3366000,0.1005073212
3367000,0.099861559
3368000,0.0989707612
3369000,0.096207642
3370000,0.0877516292
3371000,0.0826671307
3372000,0.0737774915
3373000,0.0708647752
3374000,0.0551863162
3375000,0.0496503195
3376000,0.0528333371
3377000,0.0619098137
3378000,0.0705987408
3379000,0.0814558762
3380000,0.0850092562
3381000,0.0811181888
3382000,0.0779554841
3383000,0.0762143506
3384000,0.0762311338
3385000,0.0767914984
3386000,0.0705386414
3387000,0.0585697792
3388000,0.048296154
3389000,0.0423698583
3390000,0.0426351118
3391000,0.046581194
3392000,0.0544420896
3393000,0.0578938298
3394000,0.0651000594
3395000,0.0660987518
3396000,0.0722580874
3397000,0.0809255358
3398000,0.0866838058
3399000,0.0868805991
3400000,0.0862779595
3401000,0.0846084378
3402000,0.0797478445
3403000,0.0761676616
3404000,0.0760520003
3405000,0.0763764165
3406000,0.0785040066
3407000,0.0763108238
3408000,0.0842505491
3409000,0.1427831535
3410000,0.1414192267
3411000,0.1410385018
3412000,0.1373767848
3413000,0.1368304439
3414000,0.1322769901
3415000,0.1377249616
3416000,0.1303788367
3417000,0.1271425473
3418000,0.1176797226
3419000,0.0640555476
3420000,0.0727287913
3421000,0.0718122323
3422000,0.0718234346
3423000,0.0728919721
3424000,0.0703579269
3425000,0.0654874988
3426000,0.0689704597
3427000,0.0681723265
3428000,0.0691386612
3429000,0.0666337798
3430000,0.0653229911
3431000,0.0701349978
3432000,0.0756842046
3433000,0.0820526767
3434000,0.0837787885
3435000,0.0841197161
3436000,0.0874187627
3437000,0.0955446006
3438000,0.0977927651
3439000,0.0906990463
3440000,0.084848134
3441000,0.0778147071
3442000,0.0717196928
3443000,0.0670415251
3444000,0.0762599505
3445000,0.0837122329
3446000,0.0798548425
3447000,0.072650003
3448000,0.0670008581
3449000,0.0664555766
3450000,0.062896716
3451000,0.0635292375
3452000,0.0638459545
3453000,0.0608693733
3454000,0.0500130755
3455000,0.040104938
3456000,0.0361429226
3457000,0.0335462781
3458000,0.0316221373
3459000,0.0301609781
3460000,0.0291253331
3461000,0.0279818597
3462000,0.0268838333
3463000,0.0268249542
3464000,0.0261182384
3465000,0.0307259006
3466000,0.0331446133
3467000,0.0417543895
3468000,0.0485064733
3469000,0.0551130688
3470000,0.0600826119
3471000,0.0626004666
3472000,0.0639707333
3473000,0.0702290528
3474000,0.0774644675
3475000,0.0775450087
3476000,0.0801912742
3477000,0.0728582692
3478000,0.0684289017
3479000,0.0665268185
3480000,0.0691277812
3481000,0.0730536623
3482000,0.0743209463
3483000,0.0750487902
3484000,0.0695357651
3485000,0.0656811826
3486000,0.0601340457
3487000,0.062185958
3488000,0.0649871241
3489000,0.0751258853
3490000,0.0820714692
3491000,0.0835503616
3492000,0.0850842548
3493000,0.079419776
3494000,0.0856385487
3495000,0.0990775455
3496000,0.1031658298
3497000,0.1012791154
3498000,0.1083864796
3499000,0.1098159205
3500000,0.1065226204
3501000,0.1126960921
3502000,0.1235747946
3503000,0.1273496071
3504000,0.1258837959
3505000,0.1157324409
3506000,0.1224060617
3507000,0.1274091827
3508000,0.1232048923
3509000,0.1177688516
3510000,0.1104740321
3511000,0.1007133097
3512000,0.0984452142
3513000,0.1012492344
3514000,0.0977190751
3515000,0.094995947
3516000,0.0858583839
3517000,0.0795817133
3518000,0.0726441657
3519000,0.0623276981
3520000,0.0615244964
3521000,0.0654591294
3522000,0.0568529282
3523000,0.0525752251
3524000,0.06127653
3525000,0.0676267185
3526000,0.0727562688
3527000,0.0770522231
3528000,0.0823936307
3529000,0.0851242415
3530000,0.0851381814
3531000,0.0831776366
3532000,0.0834656888
3533000,0.0808510811
3534000,0.0703279677
3535000,0.0640309385
3536000,0.0570973199
3537000,0.0516173135
3538000,0.044140784
3539000,0.047925343
3540000,0.049409412
3541000,0.0496791827
3542000,0.0512710493
3543000,0.0518288758
3544000,0.0510489973
3545000,0.0494500813
3546000,0.0499670493
3547000,0.0508513676
3548000,0.0537112252
3549000,0.050755645
3550000,0.0564946006
3551000,0.0549509325
3552000,0.0544481165
3553000,0.0665455961
3554000,0.073302799
3555000,0.0780540442
3556000,0.0812468999
3557000,0.0859345258
3558000,0.0893286633
3559000,0.0911713645
3560000,0.0825974103
3561000,0.0924252875
3562000,0.0997149286
3563000,0.0931339604
3564000,0.0914874026
3565000,0.0892409194
3566000,0.0891273897
3567000,0.0863315717
3568000,0.0830641134
3569000,0.0791080651
3570000,0.0793272381
3571000,0.0668419477
3572000,0.0643997081
3573000,0.0583823808
3574000,0.0546492939
3575000,0.0593681
3576000,0.0654114224
3577000,0.0684844626
3578000,0.0672696997
3579000,0.0654816533
3580000,0.068736085
3581000,0.0762364368
3582000,0.0706891252
3583000,0.0705202973
3584000,0.08082886
3585000,0.0800572889
3586000,0.0727727367
3587000,0.068902623
3588000,0.0690832545
3589000,0.0695876831
3590000,0.0650551966
3591000,0.0558958983
3592000,0.0518847286
3593000,0.0515965623
3594000,0.0398677859
3595000,0.0335316103
3596000,0.0314669095
3597000,0.0296991883
3598000,0.0280610421
3599000,0.0269116586
3600000,0.0258844732
3601000,0.0250804654
3602000,0.0252063917
3603000,0.0348162244
3604000,0.0399673755
3605000,0.0401064081
3606000,0.0441144296
3607000,0.0576289005
3608000,0.0720029296
3609000,0.0787588344
3610000,0.083483951
3611000,0.0874035228
3612000,0.0898304381
3613000,0.0818575042
3614000,0.0784756755
3615000,0.0790966903
3616000,0.0887141489
3617000,0.0831977523
3618000,0.0781749679
3619000,0.0754037168
3620000,0.0769812334
3621000,0.0793498853
3622000,0.0846007956
3623000,0.0857539478
3624000,0.0860321444
3625000,0.0865001204
3626000,0.0788786129
3627000,0.0807084857
3628000,0.080319092
3629000,0.0831838045
3630000,0.0809655014
3631000,0.0793598664
3632000,0.0758901309
3633000,0.0732375872
3634000,0.0711669318
3635000,0.0741338316
3636000,0.0756199373
3637000,0.0685349001
3638000,0.0649445734
3639000,0.0611602535
3640000,0.0645965136
3641000,0.0636457018
3642000,0.0639725885
3643000,0.0675576599
3644000,0.067935167
3645000,0.0658136433
3646000,0.0590544127
3647000,0.0572948748
3648000,0.0544173425
3649000,0.0512651393
3650000,0.0438037493
3651000,0.0456918857
3652000,0.0493648618
3653000,0.0505166602
3654000,0.0494051084
3655000,0.050853472
3656000,0.0504035245
3657000,0.0528207013
3658000,0.0558383884
3659000,0.0618797106
3660000,0.0673161132
3661000,0.0694002781
3662000,0.0647316676
3663000,0.0608973295
3664000,0.0683020993
3665000,0.0767970963
3666000,0.0816964749
3667000,0.0811859489
3668000,0.0769991675
3669000,0.0725570574
3670000,0.0683571732
3671000,0.0609432139
3672000,0.066906432
3673000,0.0844954304
3674000,0.0878080903
3675000,0.0807599105
3676000,0.0795613805
3677000,0.0805349676
3678000,0.0819881121
3679000,0.0826899262
3680000,0.08352974
3681000,0.0883353784
3682000,0.0790758891
3683000,0.0655365311
3684000,0.0673153335
3685000,0.0726522165
3686000,0.0753265932
3687000,0.076123803
3688000,0.0762517786
3689000,0.0762646061
3690000,0.080581205
3691000,0.0780692625
3692000,0.0790766285
3693000,0.0776029785
3694000,0.0659701049
3695000,0.0552175403
3696000,0.051057975
3697000,0.0539596731
3698000,0.0575715296
3699000,0.0635783813
3700000,0.0647474048
3701000,0.0645319628
3702000,0.067082983
3703000,0.0651026709
3704000,0.068123694
3705000,0.0759012184
3706000,0.089164091
3707000,0.095429982
3708000,0.0969613164
3709000,0.0939005564
3710000,0.0903309995
3711000,0.0918967289
3712000,0.0903952765
3713000,0.0894679119
3714000,0.0883823671
3715000,0.0826215635
3716000,0.0683223377
3717000,0.0559495481
3718000,0.0498556834
3719000,0.0549634353
3720000,0.0544323335
3721000,0.0565130353
3722000,0.0615826092
3723000,0.0718854051
3724000,0.0737380867
3725000,0.0770751539
3726000,0.0880662354
3727000,0.0916991795
3728000,0.0954999893
3729000,0.0927318063
3730000,0.0908914922
3731000,0.0856513687
3732000,0.084469178
3733000,0.0837773553
3734000,0.0816278282
3735000,0.081722883
3736000,0.0721222214
3737000,0.0731080136
3738000,0.0770758894
3739000,0.0749275096
3740000,0.0794511767
3741000,0.0859340664
3742000,0.0892286951
3743000,0.099484984
3744000,0.1068145629
3745000,0.1051471232
3746000,0.1041532833
3747000,0.0995806099
3748000,0.1000991975
3749000,0.0989190898
3750000,0.096195245
3751000,0.0913996562
3752000,0.0891205266
3753000,0.0749066902
3754000,0.0716774359
3755000,0.0748277406
3756000,0.0745977734
3757000,0.0752278506
3758000,0.0761717367
3759000,0.0758651848
3760000,0.0742497428
3761000,0.0722214869
3762000,0.0641430057
3763000,0.0575611839
3764000,0.0540968547
3765000,0.0512323408
3766000,0.0552971309
3767000,0.0600534677
3768000,0.0586947533
3769000,0.0591993473
3770000,0.0592416465
3771000,0.0613437212
3772000,0.0690334541
3773000,0.0782818441
3774000,0.0818934519
3775000,0.0795014995
3776000,0.0793079725
3777000,0.0758319067
3778000,0.0671313197
3779000,0.0635060035
3780000,0.0706325
3781000,0.0736007994
3782000,0.0754814636
3783000,0.0681277766
3784000,0.0653269868
3785000,0.0700098008
3786000,0.0665951404
3787000,0.0684473187
3788000,0.0767614072
3789000,0.086152904
3790000,0.0864135973
3791000,0.0887243779
3792000,0.0829941573
3793000,0.0830224658
3794000,0.0809569609
3795000,0.0755630593
3796000,0.0748378435
3797000,0.071033341
3798000,0.0626049192
3799000,0.0537954333
3800000,0.0455881843
3801000,0.0386056302
3802000,0.0354168784
3803000,0.03327212
3804000,0.0316306409
3805000,0.0354034723
3806000,0.0378129684
3807000,0.0460803173
3808000,0.0560019929
3809000,0.0632861971
3810000,0.0659878348
3811000,0.0823897369
3812000,0.0899939606
3813000,0.0968892394
3814000,0.1031989093
3815000,0.1030890606
3816000,0.1056641461
3817000,0.0992132905
3818000,0.0943316774
3819000,0.0925158413
3820000,0.1024006751
3821000,0.0978477523
3822000,0.0958471169
3823000,0.0902376646
3824000,0.0865564793
3825000,0.0905126378
3826000,0.0896817235
3827000,0.0950211073
3828000,0.0926245245
3829000,0.0906305816
3830000,0.0838482826
3831000,0.0733364307
3832000,0.07650438
3833000,0.0790289337
3834000,0.0784259377
3835000,0.0709170154
3836000,0.0663318936
3837000,0.0587531628
3838000,0.0572475867
